1	1.66820044568697	0.391462597126016	-1.16282998617771	0.724843374313399	1.54577451227965
1	0.307474069243944	1.61584752825922	15.8631093083117	1.45808133558543	1.76744655151507
1	0.379884941168479	0.985868258263505	33.3818619404232	2.31601402392898	1.05302800003944
1	0.812786753055662	0.544509561281993	25.0447928252763	0.229378516495613	1.62600234980351
1	0.297562163088320	1.35055339534498	-9.23577717090199	6.30732614208660	0.222648977165763
1	1.18402806558672	1.16734554758956	-6.23508105502367	10.7983602667065	1.76305595140949
1	2.11497386560193	0.373936154804919	6.72521798186188	6.69602133129156	1.25448517715529
1	1.91930833170697	0.822936542108887	3.73750517243976	2.03103262714602	1.17563016645689
1	0.943884999386905	1.44779121950742	6.40913474589545	6.77974938792114	0.895121230884879
1	1.98976607576205	0.927236133771320	21.6529042509380	0.00346341843504744	1.89251205983166
1	1.18263283755941	0.227765908045849	25.3186110335420	7.69170467336683	1.48601740027480
1	0.966187465227764	1.40605918361887	29.6191759886481	5.78317946971545	1.83875305740020
1	2.32527420691212	0.471343309516382	-8.69604230590916	0.511343080373565	1.39317739166116
1	2.12416502857204	0.429406859565867	-9.96147632917714	6.97507004354974	0.160793965903230
1	0.639554330085309	0.287978864012214	26.2548934195520	8.20195518240274	0.0896255182346357
1	1.29020597708642	0.733092936618458	-9.33767078117938	9.14259490908580	0.155384609389262
1	2.00584968260670	1.12088691990545	7.07941667015897	3.18919194103803	0.421141379396877
1	1.57341497531501	1.19150331926456	25.5037201459581	7.50486867427985	1.49887974469042
1	0.294185836892940	0.781604575835222	-1.80079072981075	4.42434436228419	0.899750583490878
1	2.18447222226513	1.58496348596574	27.9793729166298	9.10586088990781	1.70907257604550
1	1.77518137855981	1.38816999290936	25.1499828362537	2.67902971661418	0.807033265859488
1	1.88679200018043	0.897423048362452	13.6859194676279	8.01383969701715	1.46618147532131
1	2.03820878762590	0.217290198993789	22.9701362838309	5.15258348879507	0.955057134817581
1	2.34870521630672	0.750072868023847	34.2232966291103	0.363534332054957	1.82216236113189
1	2.58716791567790	1.29843197255917	3.29598346152306	8.73420911946237	1.79391260473565
1	0.482330384263259	0.751239084999955	-8.80539534412482	10.1450195577946	1.33002224849052
1	0.646354844866970	1.53475677233655	25.8384758776729	9.57911844357809	0.463805223691896
1	2.30685954871718	0.216402720431159	-10.2593818216990	5.32486629052132	0.617162262610401
1	0.732748810477194	0.848722142334949	-9.65992605742564	9.91392483287187	1.10947032714834
1	0.656256215415097	0.338117328463797	18.8499702686092	1.99244032947161	0.221092775163478
1	1.20401698156772	1.01554347146050	21.7139834928240	10.4896224954078	0.583241224572652
1	1.08715889574830	1.63140392985855	30.4531695856755	2.13922490759740	0.347161594865810
1	1.97113817982529	1.11889382282686	5.36216665059915	6.81296178962567	0.879494256134318
1	1.30334481972792	0.908810245441077	32.5265753005565	4.68163823112352	0.270865418149390
1	2.34277139984727	1.48833583951274	34.1157830200338	9.79021521195956	0.534991993137805
1	1.56570407786296	0.800272700243326	10.8353358984160	9.26369157038929	0.749451575962690
1	1.97521055889482	1.14804673848208	-4.42703429700590	2.98930800237936	1.07230391206147
1	0.808655519058204	1.08862231974201	7.50814176834045	6.06192556640035	1.77351175178723
1	2.25201600791707	0.983582859255346	22.3450083956148	1.61501962272548	0.0916691280487083
1	0.522012158486890	0.392675791128888	16.6853929872344	5.11754023936287	0.993152094962350
1	1.98930664464154	0.415130017509873	-3.60144578347369	6.02298625970440	1.37923457740379
1	0.505974946768323	0.335039469591564	20.5835355706566	1.07885738387547	0.492764301734413
1	2.58935137441943	0.916540489375450	-7.43690609326722	9.64957781531909	1.39095832997340
1	0.297309348747788	0.672195346436510	12.6076888364058	9.42825854391631	1.03945949773035
1	1.01218953989902	0.734593500623854	15.4217215741187	4.74612087801042	0.318480956652651
1	2.43023779108042	0.705722235430830	30.6970153408456	7.86727743830095	0.463672014095445
1	1.56670268967954	0.840966759084106	32.2577980571273	4.02096481686997	0.355417867672904
1	0.737086663196565	1.48373648736938	11.4357839364975	6.67832937302657	1.28663860329395
1	1.54656308375487	1.07969826822876	18.6271392527415	4.10926104513056	1.82663167707340
1	1.40819489494983	1.40145516413089	-3.25305192918076	10.5015237085780	0.601707964590341
1	2.07384306610313	0.372149182794525	17.6733146158098	10.6440637392614	0.645326104485097
1	2.19648363602245	1.42482090542523	16.1345080571455	5.30998242656216	1.71003311772038
1	2.34629321282425	0.467394533050161	24.3006842774809	0.291077661221753	0.549705415233953
1	1.88525571466038	0.973962169082181	17.3065964709771	10.1821516150059	0.940344044975118
1	2.56087704738289	0.247222993807345	28.9117302745551	6.82683907674882	0.255737547478184
1	2.65339990713323	1.54958899105267	-2.85609862584626	2.63349917168436	0.989627499847345
1	1.54396432975294	1.23538062098624	32.9098251159915	3.65605047543262	0.898949261931793
1	2.50030661012297	0.810279553404747	30.0506623150079	9.44922968545267	0.954710223028975
1	0.869783048312344	0.493286900566467	1.91037035151569	4.18788794615735	0.351943341637560
1	1.56763780136958	0.548892351404353	30.6055252500105	3.71567029284616	0.569279911194497
1	2.78426884192729	0.718402129511733	27.1088234267021	7.72647275182563	1.33122143086048
1	0.523983261273365	0.531144638512806	5.65270546158417	8.30067786099653	0.857296773315777
1	1.17542132711585	1.63385138102451	6.73120195260557	7.83145609264860	1.77600597474411
1	2.68743145768005	0.217114771893553	34.6387227264590	8.13258532854028	0.889331629417629
1	2.40639206776558	0.592251073353774	16.6097441994029	1.27642856861277	0.0551931169649761
1	1.83184033498735	1.10996232653826	-5.43596345839056	2.47542958012018	0.842562346458639
1	2.36398807944863	0.898764757903193	1.26303446466926	3.18744748086036	0.774254853061982
1	0.997368038397079	0.915251038806394	19.7130347560686	2.58285070848306	1.03545991226192
1	2.66591323353566	0.996847051829273	7.08862682544320	0.480545354545565	0.776330434725978
1	1.87730425172790	1.52192775656272	16.7417411356889	5.38183937375723	1.63200818679822
1	1.10809973665414	1.14140781107773	30.9502802646424	8.75283701515157	0.637612181412903
1	0.381644738716217	0.943918160778602	32.9695288059930	2.63718458573709	0.0827754184056824
1	2.71627602380849	0.684613750075664	-11.6805801279335	5.13330150957502	1.59347836763659
1	1.31704910912913	0.435467035734190	-4.71347029728292	2.82279298845187	0.260591625903892
1	0.778576326504822	0.839209206349440	-7.63504797435196	6.76167661591448	1.74016412232095
1	2.10533162385597	1.25519929841454	20.3662674604987	9.55438424074158	1.28353611545400
1	1.61290532011233	1.17632521343356	26.6979217539385	0.0879368044005459	0.933069303854087
1	1.92811903882008	0.273098326405734	27.1790093539898	4.09225588324747	1.73054128243530
1	0.492859374203590	0.751708294641837	6.99255225147141	0.441611614409540	0.0801032036745772
1	1.01947168574775	1.29229997337803	-11.0275383981755	2.62250553440783	0.692541886220551
1	2.36060641716065	0.607245402721511	-10.0269809765870	0.517848359657732	1.34733975846096
1	2.03843082825712	0.711751897844717	35.1445350005178	6.38558257300429	1.23847302751022
1	2.68421132063410	0.993857860970116	23.8789380699422	10.5987460911709	0.999682832662875
1	2.52950311281361	1.55285326650175	-8.43546318960993	0.475729277950814	1.65556601492118
1	1.41189250417804	0.894302117179169	29.2064610613878	1.37223874499132	0.966224790056311
1	0.567552746531913	1.65505359714442	4.61295277067468	7.46522292084296	0.465777142718544
1	0.899697045241789	1.35177013663794	10.8097570640802	3.95818963371604	1.82795000461334
1	2.30297084439687	0.749337531120959	27.4775274412723	1.71399284906236	0.271717076596293
1	1.86617351947150	0.877966948342569	-2.56327662143336	3.26021886453180	0.459675606993383
1	2.65608166412488	1.35164468438326	34.6937987520433	3.12562412031195	1.44338481447869
1	2.59443062974480	0.475595938063153	4.07858630183539	2.44928852116283	1.65589260408832
1	2.83668907052167	0.614104339680680	5.17697230499895	6.32959485597984	0.366460937407197
1	2.78677474666192	1.04107414700502	-3.22300128171068	3.38329738512358	1.70787247585511
1	2.61596433710570	1.61572950184090	1.14173200480947	6.84867187909289	0.841211858961836
1	1.86029564627989	1.37220373227169	-3.00064832335294	2.48705375503401	1.50162020782142
1	1.75105898857716	0.831794357184740	15.0225525595424	8.07830311362474	0.0560883816351555
1	1.91142238411667	0.873793073044691	1.34689181296408	6.67649704714121	1.87191510073624
1	0.369292524185718	0.835674358708615	-1.84458570000966	5.02958144947662	0.527327614017055
1	1.72371128969349	0.373898615142679	-4.42495056243833	0.344838480140584	1.55960076772543
1	2.75752039124509	0.311768232236547	12.2642890086007	9.61089766153121	0.405406708593107