1500
0.94768 0.000146646 0.000146646 0.000146646 0.000146646 
0.94768 0.000146646 0.000146646 0.000146646 0.000146646 
0.94768 0.000146646 0.000146646 0.000146646 0.000146646 
0.94768 0.000146646 0.000146646 0.000146646 0.000146646 
0.947679 0.000146646 0.000146646 0.000146646 0.000146646 
0.94768 0.000146646 0.000146646 0.000146646 0.000146646 
0.94768 0.000146646 0.000146646 0.000146646 0.000146646 
0.94768 0.000146646 0.000146646 0.000146646 0.000146646 
0.94768 0.000146646 0.000146646 0.000146646 0.000146646 
0.94768 0.000146646 0.000146646 0.000146646 0.000146646 
0.94768 0.000146646 0.000146646 0.000146646 0.000146646 
0.94768 0.000146646 0.000146646 0.000146646 0.000146646 
0.94768 0.000146646 0.000146646 0.000146646 0.000146646 
0.94768 0.000146646 0.000146646 0.000146646 0.000146646 
0.94768 0.000146646 0.000146646 0.000146646 0.000146646 
0.94768 0.000146646 0.000146646 0.000146646 0.000146646 
0.94768 0.000146646 0.000146646 0.000146646 0.000146646 
0.8562 0.000148615 0.000148167 0.000148615 0.000149099 
0.94768 0.000146646 0.000146646 0.000146646 0.000146646 
0.94768 0.000146646 0.000146646 0.000146646 0.000146646 
0.94768 0.000146646 0.000146646 0.000146646 0.000146646 
0.94768 0.000146646 0.000146646 0.000146646 0.000146646 
0.94768 0.000146646 0.000146646 0.000146646 0.000146646 
0.94768 0.000146646 0.000146646 0.000146646 0.000146646 
0.94768 0.000146646 0.000146646 0.000146646 0.000146646 
0.94768 0.000146646 0.000146646 0.000146646 0.000146646 
0.94768 0.000146646 0.000146646 0.000146646 0.000146646 
0.94768 0.000146646 0.000146646 0.000146646 0.000146646 
0.94768 0.000146646 0.000146646 0.000146646 0.000146646 
0.94768 0.000146646 0.000146646 0.000146646 0.000146646 
0.94768 0.000146646 0.000146646 0.000146646 0.000146646 
0.94768 0.000146646 0.000146646 0.000146646 0.000146646 
0.94768 0.000146646 0.000146646 0.000146646 0.000146646 
0.94768 0.000146646 0.000146646 0.000146646 0.000146646 
0.94768 0.000146646 0.000146646 0.000146646 0.000146646 
0.94768 0.000146646 0.000146646 0.000146646 0.000146646 
0.94768 0.000146646 0.000146646 0.000146646 0.000146646 
0.94768 0.000146646 0.000146646 0.000146646 0.000146646 
0.94768 0.000146646 0.000146646 0.000146646 0.000146646 
0.94768 0.000146646 0.000146646 0.000146646 0.000146646 
0.94768 0.000146646 0.000146646 0.000146646 0.000146646 
0.94768 0.000146646 0.000146646 0.000146646 0.000146646 
0.94768 0.000146646 0.000146646 0.000146646 0.000146646 
0.94768 0.000146646 0.000146646 0.000146646 0.000146646 
0.94768 0.000146646 0.000146646 0.000146646 0.000146646 
0.94768 0.000146646 0.000146646 0.000146646 0.000146646 
0.947358 0.000146646 0.000146646 0.000146646 0.000146646 
0.94768 0.000146646 0.000146646 0.000146646 0.000146646 
0.94768 0.000146646 0.000146646 0.000146646 0.000146646 
0.94768 0.000146646 0.000146646 0.000146646 0.000146646 
0.94768 0.000146646 0.000146646 0.000146646 0.000146646 
0.94768 0.000146646 0.000146646 0.000146646 0.000146646 
0.94768 0.000146646 0.000146646 0.000146646 0.000146646 
0.94768 0.000146646 0.000146646 0.000146646 0.000146646 
0.94768 0.000146646 0.000146646 0.000146646 0.000146646 
0.94768 0.000146646 0.000146646 0.000146646 0.000146646 
0.94768 0.000146646 0.000146646 0.000146646 0.000146646 
0.94768 0.000146646 0.000146646 0.000146646 0.000146646 
0.94768 0.000146646 0.000146646 0.000146646 0.000146646 
0.94768 0.000146646 0.000146646 0.000146646 0.000146646 
0.94768 0.000146646 0.000146646 0.000146646 0.000146646 
0.94768 0.000146646 0.000146646 0.000146646 0.000146646 
0.94768 0.000146646 0.000146646 0.000146646 0.000146646 
0.94768 0.000146646 0.000146646 0.000146646 0.000146646 
0.94768 0.000146646 0.000146646 0.000146646 0.000146646 
0.94768 0.000146646 0.000146646 0.000146646 0.000146646 
0.94768 0.000146646 0.000146646 0.000146646 0.000146646 
0.946956 0.000146646 0.000146646 0.000146646 0.000146646 
0.94768 0.000146646 0.000146646 0.000146646 0.000146646 
0.94768 0.000146646 0.000146646 0.000146646 0.000146646 
0.94768 0.000146646 0.000146646 0.000146646 0.000146646 
0.94768 0.000146646 0.000146646 0.000146646 0.000146646 
0.94768 0.000146646 0.000146646 0.000146646 0.000146646 
0.94768 0.000146646 0.000146646 0.000146646 0.000146646 
0.94768 0.000146646 0.000146646 0.000146646 0.000146646 
0.94768 0.000146646 0.000146646 0.000146646 0.000146646 
0.94768 0.000146646 0.000146646 0.000146646 0.000146646 
0.94768 0.000146646 0.000146646 0.000146646 0.000146646 
0.94768 0.000146646 0.000146646 0.000146646 0.000146646 
0.94768 0.000146646 0.000146646 0.000146646 0.000146646 
0.94768 0.000146646 0.000146646 0.000146646 0.000146646 
0.94768 0.000146646 0.000146646 0.000146646 0.000146646 
0.94768 0.000146646 0.000146646 0.000146646 0.000146646 
0.94768 0.000146646 0.000146646 0.000146646 0.000146646 
0.94768 0.000146646 0.000146646 0.000146646 0.000146646 
0.89095 0.00035189 0.00137563 0.014669 0.00137563 
0.94768 0.000146646 0.000146646 0.000146646 0.000146646 
0.94768 0.000146646 0.000146646 0.000146646 0.000146646 
0.94768 0.000146646 0.000146646 0.000146646 0.000146646 
0.94768 0.000146646 0.000146646 0.000146646 0.000146646 
0.94768 0.000146646 0.000146646 0.000146646 0.000146646 
0.94768 0.000146646 0.000146646 0.000146646 0.000146646 
0.94768 0.000146646 0.000146646 0.000146646 0.000146646 
0.94768 0.000146646 0.000146646 0.000146646 0.000146646 
0.94768 0.000146646 0.000146646 0.000146646 0.000146646 
0.94768 0.000146646 0.000146646 0.000146646 0.000146646 
0.94768 0.000146646 0.000146646 0.000146646 0.000146646 
0.94768 0.000146646 0.000146646 0.000146646 0.000146646 
0.94768 0.000146646 0.000146646 0.000146646 0.000146646 
0.94768 0.000146646 0.000146646 0.000146646 0.000146646 
0.94768 0.000146646 0.000146646 0.000146646 0.000146646 
0.94768 0.000146646 0.000146646 0.000146646 0.000146646 
0.94768 0.000146646 0.000146646 0.000146646 0.000146646 
0.94768 0.000146646 0.000146646 0.000146646 0.000146646 
0.94768 0.000146646 0.000146646 0.000146646 0.000146646 
0.94768 0.000146646 0.000146646 0.000146646 0.000146646 
0.94768 0.000146646 0.000146646 0.000146646 0.000146646 
0.94768 0.000146646 0.000146646 0.000146646 0.000146646 
0.94768 0.000146646 0.000146646 0.000146646 0.000146646 
0.94768 0.000146646 0.000146646 0.000146646 0.000146646 
0.94768 0.000146646 0.000146646 0.000146646 0.000146646 
0.94768 0.000146646 0.000146646 0.000146646 0.000146646 
0.94768 0.000146646 0.000146646 0.000146646 0.000146646 
0.94768 0.000146646 0.000146646 0.000146646 0.000146646 
0.94768 0.000146646 0.000146646 0.000146646 0.000146646 
0.94768 0.000146646 0.000146646 0.000146646 0.000146646 
0.94768 0.000146646 0.000146646 0.000146646 0.000146646 
0.94768 0.000146646 0.000146646 0.000146646 0.000146646 
0.94768 0.000146646 0.000146646 0.000146646 0.000146646 
0.94768 0.000146646 0.000146646 0.000146646 0.000146646 
0.94768 0.000146646 0.000146646 0.000146646 0.000146646 
0.94768 0.000146646 0.000146646 0.000146646 0.000146646 
0.94768 0.000146646 0.000146646 0.000146646 0.000146646 
0.94768 0.000146646 0.000146646 0.000146646 0.000146646 
0.94768 0.000146646 0.000146646 0.000146646 0.000146646 
0.94768 0.000146646 0.000146646 0.000146646 0.000146646 
0.94768 0.000146646 0.000146646 0.000146646 0.000146646 
0.94768 0.000146646 0.000146646 0.000146646 0.000146646 
0.94768 0.000146646 0.000146646 0.000146646 0.000146646 
0.94768 0.000146646 0.000146646 0.000146646 0.000146646 
0.94768 0.000146646 0.000146646 0.000146646 0.000146646 
0.94768 0.000146646 0.000146646 0.000146646 0.000146646 
0.94768 0.000146646 0.000146646 0.000146646 0.000146646 
0.94768 0.000146646 0.000146646 0.000146646 0.000146646 
0.94768 0.000146646 0.000146646 0.000146646 0.000146646 
0.94768 0.000146646 0.000146646 0.000146646 0.000146646 
0.94768 0.000146646 0.000146646 0.000146646 0.000146646 
0.94768 0.000146646 0.000146646 0.000146646 0.000146646 
0.94768 0.000146646 0.000146646 0.000146646 0.000146646 
0.94768 0.000146646 0.000146646 0.000146646 0.000146646 
0.94768 0.000146646 0.000146646 0.000146646 0.000146646 
0.94768 0.000146646 0.000146646 0.000146646 0.000146646 
0.94768 0.000146646 0.000146646 0.000146646 0.000146646 
0.94768 0.000146646 0.000146646 0.000146646 0.000146646 
0.94768 0.000146646 0.000146646 0.000146646 0.000146646 
0.94768 0.000146646 0.000146646 0.000146646 0.000146646 
0.94768 0.000146646 0.000146646 0.000146646 0.000146646 
0.94768 0.000146646 0.000146646 0.000146646 0.000146646 
0.94768 0.000146646 0.000146646 0.000146646 0.000146646 
0.94768 0.000146646 0.000146646 0.000146646 0.000146646 
0.94768 0.000146646 0.000146646 0.000146646 0.000146646 
0.94768 0.000146646 0.000146646 0.000146646 0.000146646 
0.94768 0.000146646 0.000146646 0.000146646 0.000146646 
0.94768 0.000146646 0.000146646 0.000146646 0.000146646 
0.94768 0.000146646 0.000146646 0.000146646 0.000146646 
0.94768 0.000146646 0.000146646 0.000146646 0.000146646 
0.94768 0.000146646 0.000146646 0.000146646 0.000146646 
0.94768 0.000146646 0.000146646 0.000146646 0.000146646 
0.94768 0.000146646 0.000146646 0.000146646 0.000146646 
0.94768 0.000146646 0.000146646 0.000146646 0.000146646 
0.94768 0.000146646 0.000146646 0.000146646 0.000146646 
0.94768 0.000146646 0.000146646 0.000146646 0.000146646 
0.94768 0.000146646 0.000146646 0.000146646 0.000146646 
0.94768 0.000146646 0.000146646 0.000146646 0.000146646 
0.94768 0.000146646 0.000146646 0.000146646 0.000146646 
0.94768 0.000146646 0.000146646 0.000146646 0.000146646 
0.94768 0.000146646 0.000146646 0.000146646 0.000146646 
0.94768 0.000146646 0.000146646 0.000146646 0.000146646 
0.94768 0.000146646 0.000146646 0.000146646 0.000146646 
0.94768 0.000146646 0.000146646 0.000146646 0.000146646 
0.94768 0.000146646 0.000146646 0.000146646 0.000146646 
0.94768 0.000146646 0.000146646 0.000146646 0.000146646 
0.94768 0.000146646 0.000146646 0.000146646 0.000146646 
0.94768 0.000146646 0.000146646 0.000146646 0.000146646 
0.94768 0.000146646 0.000146646 0.000146646 0.000146646 
0.94768 0.000146646 0.000146646 0.000146646 0.000146646 
0.94768 0.000146646 0.000146646 0.000146646 0.000146646 
0.947678 0.000146646 0.000146646 0.000146646 0.000146646 
0.94768 0.000146646 0.000146646 0.000146646 0.000146646 
0.94768 0.000146646 0.000146646 0.000146646 0.000146646 
0.94768 0.000146646 0.000146646 0.000146646 0.000146646 
0.94768 0.000146646 0.000146646 0.000146646 0.000146646 
0.94768 0.000146646 0.000146646 0.000146646 0.000146646 
0.94768 0.000146646 0.000146646 0.000146646 0.000146646 
0.94768 0.000146646 0.000146646 0.000146646 0.000146646 
0.94768 0.000146646 0.000146646 0.000146646 0.000146646 
0.94768 0.000146646 0.000146646 0.000146646 0.000146646 
0.94768 0.000146646 0.000146646 0.000146646 0.000146646 
0.94768 0.000146646 0.000146646 0.000146646 0.000146646 
0.94768 0.000146646 0.000146646 0.000146646 0.000146646 
0.94768 0.000146646 0.000146646 0.000146646 0.000146646 
0.94768 0.000146646 0.000146646 0.000146646 0.000146646 
0.94768 0.000146646 0.000146646 0.000146646 0.000146646 
0.94768 0.000146646 0.000146646 0.000146646 0.000146646 
0.94768 0.000146646 0.000146646 0.000146646 0.000146646 
0.94768 0.000146646 0.000146646 0.000146646 0.000146646 
0.94768 0.000146646 0.000146646 0.000146646 0.000146646 
0.94768 0.000146646 0.000146646 0.000146646 0.000146646 
0.94768 0.000146646 0.000146646 0.000146646 0.000146646 
0.94768 0.000146646 0.000146646 0.000146646 0.000146646 
0.94768 0.000146646 0.000146646 0.000146646 0.000146646 
0.94768 0.000146646 0.000146646 0.000146646 0.000146646 
0.94768 0.000146646 0.000146646 0.000146646 0.000146646 
0.94768 0.000146646 0.000146646 0.000146646 0.000146646 
0.94768 0.000146646 0.000146646 0.000146646 0.000146646 
0.94768 0.000146646 0.000146646 0.000146646 0.000146646 
0.94768 0.000146646 0.000146646 0.000146646 0.000146646 
0.947679 0.000146646 0.000146646 0.000146646 0.000146646 
0.94768 0.000146646 0.000146646 0.000146646 0.000146646 
0.94768 0.000146646 0.000146646 0.000146646 0.000146646 
0.94768 0.000146646 0.000146646 0.000146646 0.000146646 
0.94768 0.000146646 0.000146646 0.000146646 0.000146646 
0.94768 0.000146646 0.000146646 0.000146646 0.000146646 
0.94768 0.000146646 0.000146646 0.000146646 0.000146646 
0.94768 0.000146646 0.000146646 0.000146646 0.000146646 
0.94768 0.000146646 0.000146646 0.000146646 0.000146646 
0.94768 0.000146646 0.000146646 0.000146646 0.000146646 
0.94768 0.000146646 0.000146646 0.000146646 0.000146646 
0.94768 0.000146646 0.000146646 0.000146646 0.000146646 
0.94768 0.000146646 0.000146646 0.000146646 0.000146646 
0.94768 0.000146646 0.000146646 0.000146646 0.000146646 
0.94768 0.000146646 0.000146646 0.000146646 0.000146646 
0.94768 0.000146646 0.000146646 0.000146646 0.000146646 
0.94768 0.000146646 0.000146646 0.000146646 0.000146646 
0.94768 0.000146646 0.000146646 0.000146646 0.000146646 
0.94768 0.000146646 0.000146646 0.000146646 0.000146646 
0.94768 0.000146646 0.000146646 0.000146646 0.000146646 
0.94768 0.000146646 0.000146646 0.000146646 0.000146646 
0.94768 0.000146646 0.000146646 0.000146646 0.000146646 
0.94768 0.000146646 0.000146646 0.000146646 0.000146646 
0.94768 0.000146646 0.000146646 0.000146646 0.000146646 
0.94768 0.000146646 0.000146646 0.000146646 0.000146646 
0.94768 0.000146646 0.000146646 0.000146646 0.000146646 
0.94768 0.000146646 0.000146646 0.000146646 0.000146646 
0.94768 0.000146646 0.000146646 0.000146646 0.000146646 
0.94768 0.000146646 0.000146646 0.000146646 0.000146646 
0.94768 0.000146646 0.000146646 0.000146646 0.000146646 
0.94768 0.000146646 0.000146646 0.000146646 0.000146646 
0.94768 0.000146646 0.000146646 0.000146646 0.000146646 
0.94768 0.000146646 0.000146646 0.000146646 0.000146646 
0.94768 0.000146646 0.000146646 0.000146646 0.000146646 
0.94768 0.000146646 0.000146646 0.000146646 0.000146646 
0.94768 0.000146646 0.000146646 0.000146646 0.000146646 
0.94768 0.000146646 0.000146646 0.000146646 0.000146646 
0.94768 0.000146646 0.000146646 0.000146646 0.000146646 
0.94768 0.000146646 0.000146646 0.000146646 0.000146646 
0.94768 0.000146646 0.000146646 0.000146646 0.000146646 
0.94768 0.000146646 0.000146646 0.000146646 0.000146646 
0.94768 0.000146646 0.000146646 0.000146646 0.000146646 
0.94768 0.000146646 0.000146646 0.000146646 0.000146646 
0.94768 0.000146646 0.000146646 0.000146646 0.000146646 
0.94768 0.000146646 0.000146646 0.000146646 0.000146646 
0.94768 0.000146646 0.000146646 0.000146646 0.000146646 
0.947528 0.000146646 0.000146646 0.000146646 0.000146646 
0.94768 0.000146646 0.000146646 0.000146646 0.000146646 
0.94768 0.000146646 0.000146646 0.000146646 0.000146646 
0.94768 0.000146646 0.000146646 0.000146646 0.000146646 
0.94768 0.000146646 0.000146646 0.000146646 0.000146646 
0.94768 0.000146646 0.000146646 0.000146646 0.000146646 
0.94768 0.000146646 0.000146646 0.000146646 0.000146646 
0.94768 0.000146646 0.000146646 0.000146646 0.000146646 
0.94768 0.000146646 0.000146646 0.000146646 0.000146646 
0.94768 0.000146646 0.000146646 0.000146646 0.000146646 
0.94768 0.000146646 0.000146646 0.000146646 0.000146646 
0.94768 0.000146646 0.000146646 0.000146646 0.000146646 
0.94768 0.000146646 0.000146646 0.000146646 0.000146646 
0.94768 0.000146646 0.000146646 0.000146646 0.000146646 
0.94768 0.000146646 0.000146646 0.000146646 0.000146646 
0.94768 0.000146646 0.000146646 0.000146646 0.000146646 
0.647036 0.00394747 0.0228752 0.0242884 0.0228752 
0.94768 0.000146646 0.000146646 0.000146646 0.000146646 
0.94768 0.000146646 0.000146646 0.000146646 0.000146646 
0.94768 0.000146646 0.000146646 0.000146646 0.000146646 
0.94768 0.000146646 0.000146646 0.000146646 0.000146646 
0.94768 0.000146646 0.000146646 0.000146646 0.000146646 
0.94768 0.000146646 0.000146646 0.000146646 0.000146646 
0.94768 0.000146646 0.000146646 0.000146646 0.000146646 
0.94768 0.000146646 0.000146646 0.000146646 0.000146646 
0.94768 0.000146646 0.000146646 0.000146646 0.000146646 
0.94768 0.000146646 0.000146646 0.000146646 0.000146646 
0.94768 0.000146646 0.000146646 0.000146646 0.000146646 
0.94768 0.000146646 0.000146646 0.000146646 0.000146646 
0.94768 0.000146646 0.000146646 0.000146646 0.000146646 
0.94768 0.000146646 0.000146646 0.000146646 0.000146646 
0.94768 0.000146646 0.000146646 0.000146646 0.000146646 
0.94768 0.000146646 0.000146646 0.000146646 0.000146646 
0.94768 0.000146646 0.000146646 0.000146646 0.000146646 
0.94768 0.000146646 0.000146646 0.000146646 0.000146646 
0.94768 0.000146646 0.000146646 0.000146646 0.000146646 
0.94768 0.000146646 0.000146646 0.000146646 0.000146646 
0.94768 0.000146646 0.000146646 0.000146646 0.000146646 
0.94768 0.000146646 0.000146646 0.000146646 0.000146646 
0.947679 0.000146646 0.000146646 0.000146646 0.000146646 
0.94768 0.000146646 0.000146646 0.000146646 0.000146646 
0.94768 0.000146646 0.000146646 0.000146646 0.000146646 
0.94768 0.000146646 0.000146646 0.000146646 0.000146646 
0.94768 0.000146646 0.000146646 0.000146646 0.000146646 
0.94768 0.000146646 0.000146646 0.000146646 0.000146646 
0.94768 0.000146646 0.000146646 0.000146646 0.000146646 
0.94768 0.000146646 0.000146646 0.000146646 0.000146646 
0.94768 0.000146646 0.000146646 0.000146646 0.000146646 
0.94768 0.000146646 0.000146646 0.000146646 0.000146646 
0.94768 0.000146646 0.000146646 0.000146646 0.000146646 
0.94768 0.000146646 0.000146646 0.000146646 0.000146646 
0.94768 0.000146646 0.000146646 0.000146646 0.000146646 
0.94768 0.000146646 0.000146646 0.000146646 0.000146646 
0.94768 0.000146646 0.000146646 0.000146646 0.000146646 
0.94285 0.000146646 0.000146646 0.000146646 0.000146646 
0.94768 0.000146646 0.000146646 0.000146646 0.000146646 
0.94768 0.000146646 0.000146646 0.000146646 0.000146646 
0.94768 0.000146646 0.000146646 0.000146646 0.000146646 
0.94768 0.000146646 0.000146646 0.000146646 0.000146646 
0.94768 0.000146646 0.000146646 0.000146646 0.000146646 
0.94768 0.000146646 0.000146646 0.000146646 0.000146646 
0.94768 0.000146646 0.000146646 0.000146646 0.000146646 
0.94768 0.000146646 0.000146646 0.000146646 0.000146646 
0.94768 0.000146646 0.000146646 0.000146646 0.000146646 
0.751412 0.00218005 0.024239 0.00218005 0.000485018 
0.94768 0.000146646 0.000146646 0.000146646 0.000146646 
0.94768 0.000146646 0.000146646 0.000146646 0.000146646 
0.94768 0.000146646 0.000146646 0.000146646 0.000146646 
0.94768 0.000146646 0.000146646 0.000146646 0.000146646 
0.94768 0.000146646 0.000146646 0.000146646 0.000146646 
0.94768 0.000146646 0.000146646 0.000146646 0.000146646 
0.94768 0.000146646 0.000146646 0.000146646 0.000146646 
0.94768 0.000146646 0.000146646 0.000146646 0.000146646 
0.94768 0.000146646 0.000146646 0.000146646 0.000146646 
0.94768 0.000146646 0.000146646 0.000146646 0.000146646 
0.94768 0.000146646 0.000146646 0.000146646 0.000146646 
0.94768 0.000146646 0.000146646 0.000146646 0.000146646 
0.94768 0.000146646 0.000146646 0.000146646 0.000146646 
0.94768 0.000146646 0.000146646 0.000146646 0.000146646 
0.94768 0.000146646 0.000146646 0.000146646 0.000146646 
0.947627 0.000146646 0.000146646 0.000146646 0.000146646 
0.94768 0.000146646 0.000146646 0.000146646 0.000146646 
0.94768 0.000146646 0.000146646 0.000146646 0.000146646 
0.94768 0.000146646 0.000146646 0.000146646 0.000146646 
0.94768 0.000146646 0.000146646 0.000146646 0.000146646 
0.94768 0.000146646 0.000146646 0.000146646 0.000146646 
0.94768 0.000146646 0.000146646 0.000146646 0.000146646 
0.94768 0.000146646 0.000146646 0.000146646 0.000146646 
0.94768 0.000146646 0.000146646 0.000146646 0.000146646 
0.94768 0.000146646 0.000146646 0.000146646 0.000146646 
0.947675 0.000146646 0.000146646 0.000146646 0.000146646 
0.94768 0.000146646 0.000146646 0.000146646 0.000146646 
0.94768 0.000146646 0.000146646 0.000146646 0.000146646 
0.94768 0.000146646 0.000146646 0.000146646 0.000146646 
0.94768 0.000146646 0.000146646 0.000146646 0.000146646 
0.94768 0.000146646 0.000146646 0.000146646 0.000146646 
0.94768 0.000146646 0.000146646 0.000146646 0.000146646 
0.94768 0.000146646 0.000146646 0.000146646 0.000146646 
0.94768 0.000146646 0.000146646 0.000146646 0.000146646 
0.94768 0.000146646 0.000146646 0.000146646 0.000146646 
0.94768 0.000146646 0.000146646 0.000146646 0.000146646 
0.94768 0.000146646 0.000146646 0.000146646 0.000146646 
0.94768 0.000146646 0.000146646 0.000146646 0.000146646 
0.94768 0.000146646 0.000146646 0.000146646 0.000146646 
0.94768 0.000146646 0.000146646 0.000146646 0.000146646 
0.94768 0.000146646 0.000146646 0.000146646 0.000146646 
0.94768 0.000146646 0.000146646 0.000146646 0.000146646 
0.94768 0.000146646 0.000146646 0.000146646 0.000146646 
0.94768 0.000146646 0.000146646 0.000146646 0.000146646 
0.94768 0.000146646 0.000146646 0.000146646 0.000146646 
0.94768 0.000146646 0.000146646 0.000146646 0.000146646 
0.94768 0.000146646 0.000146646 0.000146646 0.000146646 
0.94768 0.000146646 0.000146646 0.000146646 0.000146646 
0.94768 0.000146646 0.000146646 0.000146646 0.000146646 
0.94768 0.000146646 0.000146646 0.000146646 0.000146646 
0.94768 0.000146646 0.000146646 0.000146646 0.000146646 
0.94768 0.000146646 0.000146646 0.000146646 0.000146646 
0.94768 0.000146646 0.000146646 0.000146646 0.000146646 
0.94768 0.000146646 0.000146646 0.000146646 0.000146646 
0.94768 0.000146646 0.000146646 0.000146646 0.000146646 
0.94768 0.000146646 0.000146646 0.000146646 0.000146646 
0.94768 0.000146646 0.000146646 0.000146646 0.000146646 
0.94768 0.000146646 0.000146646 0.000146646 0.000146646 
0.94768 0.000146646 0.000146646 0.000146646 0.000146646 
0.94768 0.000146646 0.000146646 0.000146646 0.000146646 
0.94768 0.000146646 0.000146646 0.000146646 0.000146646 
0.94768 0.000146646 0.000146646 0.000146646 0.000146646 
0.94768 0.000146646 0.000146646 0.000146646 0.000146646 
0.94768 0.000146646 0.000146646 0.000146646 0.000146646 
0.94768 0.000146646 0.000146646 0.000146646 0.000146646 
0.94768 0.000146646 0.000146646 0.000146646 0.000146646 
0.94768 0.000146646 0.000146646 0.000146646 0.000146646 
0.94768 0.000146646 0.000146646 0.000146646 0.000146646 
0.94768 0.000146646 0.000146646 0.000146646 0.000146646 
0.94768 0.000146646 0.000146646 0.000146646 0.000146646 
0.94768 0.000146646 0.000146646 0.000146646 0.000146646 
0.94768 0.000146646 0.000146646 0.000146646 0.000146646 
0.94768 0.000146646 0.000146646 0.000146646 0.000146646 
0.94768 0.000146646 0.000146646 0.000146646 0.000146646 
0.94768 0.000146646 0.000146646 0.000146646 0.000146646 
0.94768 0.000146646 0.000146646 0.000146646 0.000146646 
0.94768 0.000146646 0.000146646 0.000146646 0.000146646 
0.94768 0.000146646 0.000146646 0.000146646 0.000146646 
0.94768 0.000146646 0.000146646 0.000146646 0.000146646 
0.94768 0.000146646 0.000146646 0.000146646 0.000146646 
0.94768 0.000146646 0.000146646 0.000146646 0.000146646 
0.94768 0.000146646 0.000146646 0.000146646 0.000146646 
0.94768 0.000146646 0.000146646 0.000146646 0.000146646 
0.94768 0.000146646 0.000146646 0.000146646 0.000146646 
0.94768 0.000146646 0.000146646 0.000146646 0.000146646 
0.94768 0.000146646 0.000146646 0.000146646 0.000146646 
0.94768 0.000146646 0.000146646 0.000146646 0.000146646 
0.94768 0.000146646 0.000146646 0.000146646 0.000146646 
0.94768 0.000146646 0.000146646 0.000146646 0.000146646 
0.94768 0.000146646 0.000146646 0.000146646 0.000146646 
0.804697 0.0382517 0.00337527 0.000687382 0.00337527 
0.94768 0.000146646 0.000146646 0.000146646 0.000146646 
0.94768 0.000146646 0.000146646 0.000146646 0.000146646 
0.94768 0.000146646 0.000146646 0.000146646 0.000146646 
0.94768 0.000146646 0.000146646 0.000146646 0.000146646 
0.94768 0.000146646 0.000146646 0.000146646 0.000146646 
0.94768 0.000146646 0.000146646 0.000146646 0.000146646 
0.94768 0.000146646 0.000146646 0.000146646 0.000146646 
0.94768 0.000146646 0.000146646 0.000146646 0.000146646 
0.94768 0.000146646 0.000146646 0.000146646 0.000146646 
0.94768 0.000146646 0.000146646 0.000146646 0.000146646 
0.94768 0.000146646 0.000146646 0.000146646 0.000146646 
0.94768 0.000146646 0.000146646 0.000146646 0.000146646 
0.94768 0.000146646 0.000146646 0.000146646 0.000146646 
0.94768 0.000146646 0.000146646 0.000146646 0.000146646 
0.94768 0.000146646 0.000146646 0.000146646 0.000146646 
0.94768 0.000146646 0.000146646 0.000146646 0.000146646 
0.94768 0.000146646 0.000146646 0.000146646 0.000146646 
0.94768 0.000146646 0.000146646 0.000146646 0.000146646 
0.94768 0.000146646 0.000146646 0.000146646 0.000146646 
0.94768 0.000146646 0.000146646 0.000146646 0.000146646 
0.94768 0.000146646 0.000146646 0.000146646 0.000146646 
0.94768 0.000146646 0.000146646 0.000146646 0.000146646 
0.94768 0.000146646 0.000146646 0.000146646 0.000146646 
0.94768 0.000146646 0.000146646 0.000146646 0.000146646 
0.94768 0.000146646 0.000146646 0.000146646 0.000146646 
0.94768 0.000146646 0.000146646 0.000146646 0.000146646 
0.94768 0.000146646 0.000146646 0.000146646 0.000146646 
0.94768 0.000146646 0.000146646 0.000146646 0.000146646 
0.937453 0.000146646 0.000146646 0.000146646 0.000146646 
0.94768 0.000146646 0.000146646 0.000146646 0.000146646 
0.94768 0.000146646 0.000146646 0.000146646 0.000146646 
0.94768 0.000146646 0.000146646 0.000146646 0.000146646 
0.94768 0.000146646 0.000146646 0.000146646 0.000146646 
0.94768 0.000146646 0.000146646 0.000146646 0.000146646 
0.94768 0.000146646 0.000146646 0.000146646 0.000146646 
0.94768 0.000146646 0.000146646 0.000146646 0.000146646 
0.94768 0.000146646 0.000146646 0.000146646 0.000146646 
0.94768 0.000146646 0.000146646 0.000146646 0.000146646 
0.94768 0.000146646 0.000146646 0.000146646 0.000146646 
0.94768 0.000146646 0.000146646 0.000146646 0.000146646 
0.94768 0.000146646 0.000146646 0.000146646 0.000146646 
0.94768 0.000146646 0.000146646 0.000146646 0.000146646 
0.94768 0.000146646 0.000146646 0.000146646 0.000146646 
0.94768 0.000146646 0.000146646 0.000146646 0.000146646 
0.94768 0.000146646 0.000146646 0.000146646 0.000146646 
0.94768 0.000146646 0.000146646 0.000146646 0.000146646 
0.94768 0.000146646 0.000146646 0.000146646 0.000146646 
0.94768 0.000146646 0.000146646 0.000146646 0.000146646 
0.94768 0.000146646 0.000146646 0.000146646 0.000146646 
0.94768 0.000146646 0.000146646 0.000146646 0.000146646 
0.94768 0.000146646 0.000146646 0.000146646 0.000146646 
0.94768 0.000146646 0.000146646 0.000146646 0.000146646 
0.94768 0.000146646 0.000146646 0.000146646 0.000146646 
0.94768 0.000146646 0.000146646 0.000146646 0.000146646 
0.94768 0.000146646 0.000146646 0.000146646 0.000146646 
0.94768 0.000146646 0.000146646 0.000146646 0.000146646 
0.94768 0.000146646 0.000146646 0.000146646 0.000146646 
0.94768 0.000146646 0.000146646 0.000146646 0.000146646 
0.94768 0.000146646 0.000146646 0.000146646 0.000146646 
0.94768 0.000146646 0.000146646 0.000146646 0.000146646 
0.94768 0.000146646 0.000146646 0.000146646 0.000146646 
0.94768 0.000146646 0.000146646 0.000146646 0.000146646 
0.94768 0.000146646 0.000146646 0.000146646 0.000146646 
0.94768 0.000146646 0.000146646 0.000146646 0.000146646 
0.94768 0.000146646 0.000146646 0.000146646 0.000146646 
0.94768 0.000146646 0.000146646 0.000146646 0.000146646 
0.94768 0.000146646 0.000146646 0.000146646 0.000146646 
0.94768 0.000146646 0.000146646 0.000146646 0.000146646 
0.94768 0.000146646 0.000146646 0.000146646 0.000146646 
0.94768 0.000146646 0.000146646 0.000146646 0.000146646 
0.94768 0.000146646 0.000146646 0.000146646 0.000146646 
0.94768 0.000146646 0.000146646 0.000146646 0.000146646 
0.94768 0.000146646 0.000146646 0.000146646 0.000146646 
0.94768 0.000146646 0.000146646 0.000146646 0.000146646 
0.94768 0.000146646 0.000146646 0.000146646 0.000146646 
0.94768 0.000146646 0.000146646 0.000146646 0.000146646 
0.94768 0.000146646 0.000146646 0.000146646 0.000146646 
0.94768 0.000146646 0.000146646 0.000146646 0.000146646 
0.94768 0.000146646 0.000146646 0.000146646 0.000146646 
0.94768 0.000146646 0.000146646 0.000146646 0.000146646 
0.94768 0.000146646 0.000146646 0.000146646 0.000146646 
0.94768 0.000146646 0.000146646 0.000146646 0.000146646 
0.94768 0.000146646 0.000146646 0.000146646 0.000146646 
0.94768 0.000146646 0.000146646 0.000146646 0.000146646 
0.94768 0.000146646 0.000146646 0.000146646 0.000146646 
0.947674 0.000146646 0.000146646 0.000146646 0.000146646 
0.94768 0.000146646 0.000146646 0.000146646 0.000146646 
0.94768 0.000146646 0.000146646 0.000146646 0.000146646 
0.94768 0.000146646 0.000146646 0.000146646 0.000146646 
0.94768 0.000146646 0.000146646 0.000146646 0.000146646 
0.94768 0.000146646 0.000146646 0.000146646 0.000146646 
0.94768 0.000146646 0.000146646 0.000146646 0.000146646 
0.94768 0.000146646 0.000146646 0.000146646 0.000146646 
0.94768 0.000146646 0.000146646 0.000146646 0.000146646 
0.94768 0.000146646 0.000146646 0.000146646 0.000146646 
0.94768 0.000146646 0.000146646 0.000146646 0.000146646 
0.94768 0.000146646 0.000146646 0.000146646 0.000146646 
0.94768 0.000146646 0.000146646 0.000146646 0.000146646 
0.94768 0.000146646 0.000146646 0.000146646 0.000146646 
0.94768 0.000146646 0.000146646 0.000146646 0.000146646 
0.94768 0.000146646 0.000146646 0.000146646 0.000146646 
0.94768 0.000146646 0.000146646 0.000146646 0.000146646 
0.94768 0.000146646 0.000146646 0.000146646 0.000146646 
0.94768 0.000146646 0.000146646 0.000146646 0.000146646 
0.94768 0.000146646 0.000146646 0.000146646 0.000146646 
0.94768 0.000146646 0.000146646 0.000146646 0.000146646 
0.94768 0.000146646 0.000146646 0.000146646 0.000146646 
0.94768 0.000146646 0.000146646 0.000146646 0.000146646 
0.94768 0.000146646 0.000146646 0.000146646 0.000146646 
0.94768 0.000146646 0.000146646 0.000146646 0.000146646 
0.94768 0.000146646 0.000146646 0.000146646 0.000146646 
0.94768 0.000146646 0.000146646 0.000146646 0.000146646 
0.94768 0.000146646 0.000146646 0.000146646 0.000146646 
0.94768 0.000146646 0.000146646 0.000146646 0.000146646 
0.94768 0.000146646 0.000146646 0.000146646 0.000146646 
0.94768 0.000146646 0.000146646 0.000146646 0.000146646 
0.94768 0.000146646 0.000146646 0.000146646 0.000146646 
0.94768 0.000146646 0.000146646 0.000146646 0.000146646 
0.94768 0.000146646 0.000146646 0.000146646 0.000146646 
0.94768 0.000146646 0.000146646 0.000146646 0.000146646 
0.94768 0.000146646 0.000146646 0.000146646 0.000146646 
0.94768 0.000146646 0.000146646 0.000146646 0.000146646 
0.94768 0.000146646 0.000146646 0.000146646 0.000146646 
0.94768 0.000146646 0.000146646 0.000146646 0.000146646 
0.94768 0.000146646 0.000146646 0.000146646 0.000146646 
0.94768 0.000146646 0.000146646 0.000146646 0.000146646 
0.94768 0.000146646 0.000146646 0.000146646 0.000146646 
0.94768 0.000146646 0.000146646 0.000146646 0.000146646 
0.94768 0.000146646 0.000146646 0.000146646 0.000146646 
0.94768 0.000146646 0.000146646 0.000146646 0.000146646 
0.94768 0.000146646 0.000146646 0.000146646 0.000146646 
0.94768 0.000146646 0.000146646 0.000146646 0.000146646 
0.94768 0.000146646 0.000146646 0.000146646 0.000146646 
0.94768 0.000146646 0.000146646 0.000146646 0.000146646 
0.94768 0.000146646 0.000146646 0.000146646 0.000146646 
0.94768 0.000146646 0.000146646 0.000146646 0.000146646 
0.94768 0.000146646 0.000146646 0.000146646 0.000146646 
0.94768 0.000146646 0.000146646 0.000146646 0.000146646 
0.94768 0.000146646 0.000146646 0.000146646 0.000146646 
0.94768 0.000146646 0.000146646 0.000146646 0.000146646 
0.94768 0.000146646 0.000146646 0.000146646 0.000146646 
0.94768 0.000146646 0.000146646 0.000146646 0.000146646 
0.94768 0.000146646 0.000146646 0.000146646 0.000146646 
0.94768 0.000146646 0.000146646 0.000146646 0.000146646 
0.94768 0.000146646 0.000146646 0.000146646 0.000146646 
0.94768 0.000146646 0.000146646 0.000146646 0.000146646 
0.94768 0.000146646 0.000146646 0.000146646 0.000146646 
0.94768 0.000146646 0.000146646 0.000146646 0.000146646 
0.94768 0.000146646 0.000146646 0.000146646 0.000146646 
0.94768 0.000146646 0.000146646 0.000146646 0.000146646 
0.94768 0.000146646 0.000146646 0.000146646 0.000146646 
0.94768 0.000146646 0.000146646 0.000146646 0.000146646 
0.94768 0.000146646 0.000146646 0.000146646 0.000146646 
0.94768 0.000146646 0.000146646 0.000146646 0.000146646 
0.94768 0.000146646 0.000146646 0.000146646 0.000146646 
0.94768 0.000146646 0.000146646 0.000146646 0.000146646 
0.94768 0.000146646 0.000146646 0.000146646 0.000146646 
0.94768 0.000146646 0.000146646 0.000146646 0.000146646 
0.94768 0.000146646 0.000146646 0.000146646 0.000146646 
0.94768 0.000146646 0.000146646 0.000146646 0.000146646 
0.94768 0.000146646 0.000146646 0.000146646 0.000146646 
0.94768 0.000146646 0.000146646 0.000146646 0.000146646 
0.94768 0.000146646 0.000146646 0.000146646 0.000146646 
0.94768 0.000146646 0.000146646 0.000146646 0.000146646 
0.94768 0.000146646 0.000146646 0.000146646 0.000146646 
0.94768 0.000146646 0.000146646 0.000146646 0.000146646 
0.94768 0.000146646 0.000146646 0.000146646 0.000146646 
0.947605 0.000146646 0.000146646 0.000146646 0.000146646 
0.94768 0.000146646 0.000146646 0.000146646 0.000146646 
0.94768 0.000146646 0.000146646 0.000146646 0.000146646 
0.94768 0.000146646 0.000146646 0.000146646 0.000146646 
0.94768 0.000146646 0.000146646 0.000146646 0.000146646 
0.94768 0.000146646 0.000146646 0.000146646 0.000146646 
0.94768 0.000146646 0.000146646 0.000146646 0.000146646 
0.94768 0.000146646 0.000146646 0.000146646 0.000146646 
0.94768 0.000146646 0.000146646 0.000146646 0.000146646 
0.939139 0.000146646 0.000146646 0.000146646 0.000146646 
0.94768 0.000146646 0.000146646 0.000146646 0.000146646 
0.94768 0.000146646 0.000146646 0.000146646 0.000146646 
0.94768 0.000146646 0.000146646 0.000146646 0.000146646 
0.94768 0.000146646 0.000146646 0.000146646 0.000146646 
0.94768 0.000146646 0.000146646 0.000146646 0.000146646 
0.94768 0.000146646 0.000146646 0.000146646 0.000146646 
0.94768 0.000146646 0.000146646 0.000146646 0.000146646 
0.94768 0.000146646 0.000146646 0.000146646 0.000146646 
0.94768 0.000146646 0.000146646 0.000146646 0.000146646 
0.94768 0.000146646 0.000146646 0.000146646 0.000146646 
0.94768 0.000146646 0.000146646 0.000146646 0.000146646 
0.94768 0.000146646 0.000146646 0.000146646 0.000146646 
0.94768 0.000146646 0.000146646 0.000146646 0.000146646 
0.94768 0.000146646 0.000146646 0.000146646 0.000146646 
0.94768 0.000146646 0.000146646 0.000146646 0.000146646 
0.94768 0.000146646 0.000146646 0.000146646 0.000146646 
0.94768 0.000146646 0.000146646 0.000146646 0.000146646 
0.94768 0.000146646 0.000146646 0.000146646 0.000146646 
0.94768 0.000146646 0.000146646 0.000146646 0.000146646 
0.94768 0.000146646 0.000146646 0.000146646 0.000146646 
0.94768 0.000146646 0.000146646 0.000146646 0.000146646 
0.94768 0.000146646 0.000146646 0.000146646 0.000146646 
0.94768 0.000146646 0.000146646 0.000146646 0.000146646 
0.94768 0.000146646 0.000146646 0.000146646 0.000146646 
0.94768 0.000146646 0.000146646 0.000146646 0.000146646 
0.94768 0.000146646 0.000146646 0.000146646 0.000146646 
0.94768 0.000146646 0.000146646 0.000146646 0.000146646 
0.94768 0.000146646 0.000146646 0.000146646 0.000146646 
0.94768 0.000146646 0.000146646 0.000146646 0.000146646 
0.94768 0.000146646 0.000146646 0.000146646 0.000146646 
0.94768 0.000146646 0.000146646 0.000146646 0.000146646 
0.94768 0.000146646 0.000146646 0.000146646 0.000146646 
0.94768 0.000146646 0.000146646 0.000146646 0.000146646 
0.94768 0.000146646 0.000146646 0.000146646 0.000146646 
0.94768 0.000146646 0.000146646 0.000146646 0.000146646 
0.94768 0.000146646 0.000146646 0.000146646 0.000146646 
0.94768 0.000146646 0.000146646 0.000146646 0.000146646 
0.947679 0.000146646 0.000146646 0.000146646 0.000146646 
0.94768 0.000146646 0.000146646 0.000146646 0.000146646 
0.94768 0.000146646 0.000146646 0.000146646 0.000146646 
0.94768 0.000146646 0.000146646 0.000146646 0.000146646 
0.94768 0.000146646 0.000146646 0.000146646 0.000146646 
0.94768 0.000146646 0.000146646 0.000146646 0.000146646 
0.94768 0.000146646 0.000146646 0.000146646 0.000146646 
0.94768 0.000146646 0.000146646 0.000146646 0.000146646 
0.94768 0.000146646 0.000146646 0.000146646 0.000146646 
0.947667 0.000146646 0.000146646 0.000146646 0.000146646 
0.94768 0.000146646 0.000146646 0.000146646 0.000146646 
0.94768 0.000146646 0.000146646 0.000146646 0.000146646 
0.94768 0.000146646 0.000146646 0.000146646 0.000146646 
0.94768 0.000146646 0.000146646 0.000146646 0.000146646 
0.94768 0.000146646 0.000146646 0.000146646 0.000146646 
0.94768 0.000146646 0.000146646 0.000146646 0.000146646 
0.94768 0.000146646 0.000146646 0.000146646 0.000146646 
0.94768 0.000146646 0.000146646 0.000146646 0.000146646 
0.94768 0.000146646 0.000146646 0.000146646 0.000146646 
0.94768 0.000146646 0.000146646 0.000146646 0.000146646 
0.94768 0.000146646 0.000146646 0.000146646 0.000146646 
0.94768 0.000146646 0.000146646 0.000146646 0.000146646 
0.94768 0.000146646 0.000146646 0.000146646 0.000146646 
0.94768 0.000146646 0.000146646 0.000146646 0.000146646 
0.94768 0.000146646 0.000146646 0.000146646 0.000146646 
0.94768 0.000146646 0.000146646 0.000146646 0.000146646 
0.94768 0.000146646 0.000146646 0.000146646 0.000146646 
0.701137 0.0143334 0.00159519 0.00311672 0.0342598 
0.94768 0.000146646 0.000146646 0.000146646 0.000146646 
0.94768 0.000146646 0.000146646 0.000146646 0.000146646 
0.94768 0.000146646 0.000146646 0.000146646 0.000146646 
0.94768 0.000146646 0.000146646 0.000146646 0.000146646 
0.94768 0.000146646 0.000146646 0.000146646 0.000146646 
0.94768 0.000146646 0.000146646 0.000146646 0.000146646 
0.94768 0.000146646 0.000146646 0.000146646 0.000146646 
0.94768 0.000146646 0.000146646 0.000146646 0.000146646 
0.94768 0.000146646 0.000146646 0.000146646 0.000146646 
0.94768 0.000146646 0.000146646 0.000146646 0.000146646 
0.94768 0.000146646 0.000146646 0.000146646 0.000146646 
0.861702 0.00248927 0.000539929 0.00248927 0.0277883 
0.94768 0.000146646 0.000146646 0.000146646 0.000146646 
0.94768 0.000146646 0.000146646 0.000146646 0.000146646 
0.94768 0.000146646 0.000146646 0.000146646 0.000146646 
0.94768 0.000146646 0.000146646 0.000146646 0.000146646 
0.94768 0.000146646 0.000146646 0.000146646 0.000146646 
0.94768 0.000146646 0.000146646 0.000146646 0.000146646 
0.94768 0.000146646 0.000146646 0.000146646 0.000146646 
0.94768 0.000146646 0.000146646 0.000146646 0.000146646 
0.94768 0.000146646 0.000146646 0.000146646 0.000146646 
0.94768 0.000146646 0.000146646 0.000146646 0.000146646 
0.94768 0.000146646 0.000146646 0.000146646 0.000146646 
0.94768 0.000146646 0.000146646 0.000146646 0.000146646 
0.94768 0.000146646 0.000146646 0.000146646 0.000146646 
0.94768 0.000146646 0.000146646 0.000146646 0.000146646 
0.94768 0.000146646 0.000146646 0.000146646 0.000146646 
0.94768 0.000146646 0.000146646 0.000146646 0.000146646 
0.94768 0.000146646 0.000146646 0.000146646 0.000146646 
0.94768 0.000146646 0.000146646 0.000146646 0.000146646 
0.94768 0.000146646 0.000146646 0.000146646 0.000146646 
0.94768 0.000146646 0.000146646 0.000146646 0.000146646 
0.94768 0.000146646 0.000146646 0.000146646 0.000146646 
0.94768 0.000146646 0.000146646 0.000146646 0.000146646 
0.94768 0.000146646 0.000146646 0.000146646 0.000146646 
0.94768 0.000146646 0.000146646 0.000146646 0.000146646 
0.94768 0.000146646 0.000146646 0.000146646 0.000146646 
0.94768 0.000146646 0.000146646 0.000146646 0.000146646 
0.94768 0.000146646 0.000146646 0.000146646 0.000146646 
0.94768 0.000146646 0.000146646 0.000146646 0.000146646 
0.94768 0.000146646 0.000146646 0.000146646 0.000146646 
0.94768 0.000146646 0.000146646 0.000146646 0.000146646 
0.94768 0.000146646 0.000146646 0.000146646 0.000146646 
0.94768 0.000146646 0.000146646 0.000146646 0.000146646 
0.94768 0.000146646 0.000146646 0.000146646 0.000146646 
0.94768 0.000146646 0.000146646 0.000146646 0.000146646 
0.94768 0.000146646 0.000146646 0.000146646 0.000146646 
0.947616 0.000146646 0.000146646 0.000146646 0.000146646 
0.94768 0.000146646 0.000146646 0.000146646 0.000146646 
0.94768 0.000146646 0.000146646 0.000146646 0.000146646 
0.94768 0.000146646 0.000146646 0.000146646 0.000146646 
0.94768 0.000146646 0.000146646 0.000146646 0.000146646 
0.947633 0.000146647 0.000146647 0.000146647 0.000146647 
0.94768 0.000146646 0.000146646 0.000146646 0.000146646 
0.94768 0.000146646 0.000146646 0.000146646 0.000146646 
0.94768 0.000146646 0.000146646 0.000146646 0.000146646 
0.94768 0.000146646 0.000146646 0.000146646 0.000146646 
0.94768 0.000146646 0.000146646 0.000146646 0.000146646 
0.94768 0.000146646 0.000146646 0.000146646 0.000146646 
0.94768 0.000146646 0.000146646 0.000146646 0.000146646 
0.94768 0.000146646 0.000146646 0.000146646 0.000146646 
0.94768 0.000146646 0.000146646 0.000146646 0.000146646 
0.94768 0.000146646 0.000146646 0.000146646 0.000146646 
0.94768 0.000146646 0.000146646 0.000146646 0.000146646 
0.94768 0.000146646 0.000146646 0.000146646 0.000146646 
0.941279 0.000146646 0.000146646 0.000146646 0.000146646 
0.94768 0.000146646 0.000146646 0.000146646 0.000146646 
0.94768 0.000146646 0.000146646 0.000146646 0.000146646 
0.94768 0.000146646 0.000146646 0.000146646 0.000146646 
0.94768 0.000146646 0.000146646 0.000146646 0.000146646 
0.94768 0.000146646 0.000146646 0.000146646 0.000146646 
0.94768 0.000146646 0.000146646 0.000146646 0.000146646 
0.94768 0.000146646 0.000146646 0.000146646 0.000146646 
0.94768 0.000146646 0.000146646 0.000146646 0.000146646 
0.94768 0.000146646 0.000146646 0.000146646 0.000146646 
0.94768 0.000146646 0.000146646 0.000146646 0.000146646 
0.94768 0.000146646 0.000146646 0.000146646 0.000146646 
0.94768 0.000146646 0.000146646 0.000146646 0.000146646 
0.94768 0.000146646 0.000146646 0.000146646 0.000146646 
0.94768 0.000146646 0.000146646 0.000146646 0.000146646 
0.94768 0.000146646 0.000146646 0.000146646 0.000146646 
0.94768 0.000146646 0.000146646 0.000146646 0.000146646 
0.94768 0.000146646 0.000146646 0.000146646 0.000146646 
0.94768 0.000146646 0.000146646 0.000146646 0.000146646 
0.94768 0.000146646 0.000146646 0.000146646 0.000146646 
0.94768 0.000146646 0.000146646 0.000146646 0.000146646 
0.94768 0.000146646 0.000146646 0.000146646 0.000146646 
0.94768 0.000146646 0.000146646 0.000146646 0.000146646 
0.94768 0.000146646 0.000146646 0.000146646 0.000146646 
0.94768 0.000146646 0.000146646 0.000146646 0.000146646 
0.947675 0.000146646 0.000146646 0.000146646 0.000146646 
0.94768 0.000146646 0.000146646 0.000146646 0.000146646 
0.94768 0.000146646 0.000146646 0.000146646 0.000146646 
0.94768 0.000146646 0.000146646 0.000146646 0.000146646 
0.94768 0.000146646 0.000146646 0.000146646 0.000146646 
0.94768 0.000146646 0.000146646 0.000146646 0.000146646 
0.94768 0.000146646 0.000146646 0.000146646 0.000146646 
0.94768 0.000146646 0.000146646 0.000146646 0.000146646 
0.94768 0.000146646 0.000146646 0.000146646 0.000146646 
0.94768 0.000146646 0.000146646 0.000146646 0.000146646 
0.94768 0.000146646 0.000146646 0.000146646 0.000146646 
0.94768 0.000146646 0.000146646 0.000146646 0.000146646 
0.94768 0.000146646 0.000146646 0.000146646 0.000146646 
0.94768 0.000146646 0.000146646 0.000146646 0.000146646 
0.947674 0.000146646 0.000146646 0.000146646 0.000146646 
0.94768 0.000146646 0.000146646 0.000146646 0.000146646 
0.94768 0.000146646 0.000146646 0.000146646 0.000146646 
0.94768 0.000146646 0.000146646 0.000146646 0.000146646 
0.94768 0.000146646 0.000146646 0.000146646 0.000146646 
0.94768 0.000146646 0.000146646 0.000146646 0.000146646 
0.94768 0.000146646 0.000146646 0.000146646 0.000146646 
0.94768 0.000146646 0.000146646 0.000146646 0.000146646 
0.94768 0.000146646 0.000146646 0.000146646 0.000146646 
0.94768 0.000146646 0.000146646 0.000146646 0.000146646 
0.94768 0.000146646 0.000146646 0.000146646 0.000146646 
0.94768 0.000146646 0.000146646 0.000146646 0.000146646 
0.94768 0.000146646 0.000146646 0.000146646 0.000146646 
0.94768 0.000146646 0.000146646 0.000146646 0.000146646 
0.94768 0.000146646 0.000146646 0.000146646 0.000146646 
0.94768 0.000146646 0.000146646 0.000146646 0.000146646 
0.94768 0.000146646 0.000146646 0.000146646 0.000146646 
0.94768 0.000146646 0.000146646 0.000146646 0.000146646 
0.94768 0.000146646 0.000146646 0.000146646 0.000146646 
0.94768 0.000146646 0.000146646 0.000146646 0.000146646 
0.94768 0.000146646 0.000146646 0.000146646 0.000146646 
0.94768 0.000146646 0.000146646 0.000146646 0.000146646 
0.94768 0.000146646 0.000146646 0.000146646 0.000146646 
0.94768 0.000146646 0.000146646 0.000146646 0.000146646 
0.94768 0.000146646 0.000146646 0.000146646 0.000146646 
0.94768 0.000146646 0.000146646 0.000146646 0.000146646 
0.94768 0.000146646 0.000146646 0.000146646 0.000146646 
0.94768 0.000146646 0.000146646 0.000146646 0.000146646 
0.94768 0.000146646 0.000146646 0.000146646 0.000146646 
0.94768 0.000146646 0.000146646 0.000146646 0.000146646 
0.94768 0.000146646 0.000146646 0.000146646 0.000146646 
0.94768 0.000146646 0.000146646 0.000146646 0.000146646 
0.94768 0.000146646 0.000146646 0.000146646 0.000146646 
0.94768 0.000146646 0.000146646 0.000146646 0.000146646 
0.94768 0.000146646 0.000146646 0.000146646 0.000146646 
0.94768 0.000146646 0.000146646 0.000146646 0.000146646 
0.94768 0.000146646 0.000146646 0.000146646 0.000146646 
0.94768 0.000146646 0.000146646 0.000146646 0.000146646 
0.94768 0.000146646 0.000146646 0.000146646 0.000146646 
0.94768 0.000146646 0.000146646 0.000146646 0.000146646 
0.94768 0.000146646 0.000146646 0.000146646 0.000146646 
0.94768 0.000146646 0.000146646 0.000146646 0.000146646 
0.94768 0.000146646 0.000146646 0.000146646 0.000146646 
0.94768 0.000146646 0.000146646 0.000146646 0.000146646 
0.94768 0.000146646 0.000146646 0.000146646 0.000146646 
0.94768 0.000146646 0.000146646 0.000146646 0.000146646 
0.943314 0.000146646 0.000146646 0.000146646 0.000146646 
0.94768 0.000146646 0.000146646 0.000146646 0.000146646 
0.94768 0.000146646 0.000146646 0.000146646 0.000146646 
0.94768 0.000146646 0.000146646 0.000146646 0.000146646 
0.94768 0.000146646 0.000146646 0.000146646 0.000146646 
0.94768 0.000146646 0.000146646 0.000146646 0.000146646 
0.94768 0.000146646 0.000146646 0.000146646 0.000146646 
0.94768 0.000146646 0.000146646 0.000146646 0.000146646 
0.94768 0.000146646 0.000146646 0.000146646 0.000146646 
0.94768 0.000146646 0.000146646 0.000146646 0.000146646 
0.94768 0.000146646 0.000146646 0.000146646 0.000146646 
0.94768 0.000146646 0.000146646 0.000146646 0.000146646 
0.94768 0.000146646 0.000146646 0.000146646 0.000146646 
0.94768 0.000146646 0.000146646 0.000146646 0.000146646 
0.94768 0.000146646 0.000146646 0.000146646 0.000146646 
0.94768 0.000146646 0.000146646 0.000146646 0.000146646 
0.94768 0.000146646 0.000146646 0.000146646 0.000146646 
0.94768 0.000146646 0.000146646 0.000146646 0.000146646 
0.94768 0.000146646 0.000146646 0.000146646 0.000146646 
0.94768 0.000146646 0.000146646 0.000146646 0.000146646 
0.94768 0.000146646 0.000146646 0.000146646 0.000146646 
0.94768 0.000146646 0.000146646 0.000146646 0.000146646 
0.94768 0.000146646 0.000146646 0.000146646 0.000146646 
0.94768 0.000146646 0.000146646 0.000146646 0.000146646 
0.94768 0.000146646 0.000146646 0.000146646 0.000146646 
0.94768 0.000146646 0.000146646 0.000146646 0.000146646 
0.94768 0.000146646 0.000146646 0.000146646 0.000146646 
0.94768 0.000146646 0.000146646 0.000146646 0.000146646 
0.94768 0.000146646 0.000146646 0.000146646 0.000146646 
0.94768 0.000146646 0.000146646 0.000146646 0.000146646 
0.94768 0.000146646 0.000146646 0.000146646 0.000146646 
0.94768 0.000146646 0.000146646 0.000146646 0.000146646 
0.94768 0.000146646 0.000146646 0.000146646 0.000146646 
0.94768 0.000146646 0.000146646 0.000146646 0.000146646 
0.94768 0.000146646 0.000146646 0.000146646 0.000146646 
0.94768 0.000146646 0.000146646 0.000146646 0.000146646 
0.94768 0.000146646 0.000146646 0.000146646 0.000146646 
0.94768 0.000146646 0.000146646 0.000146646 0.000146646 
0.94768 0.000146646 0.000146646 0.000146646 0.000146646 
0.94768 0.000146646 0.000146646 0.000146646 0.000146646 
0.94768 0.000146646 0.000146646 0.000146646 0.000146646 
0.94768 0.000146646 0.000146646 0.000146646 0.000146646 
0.94768 0.000146646 0.000146646 0.000146646 0.000146646 
0.94768 0.000146646 0.000146646 0.000146646 0.000146646 
0.94768 0.000146646 0.000146646 0.000146646 0.000146646 
0.94768 0.000146646 0.000146646 0.000146646 0.000146646 
0.94768 0.000146646 0.000146646 0.000146646 0.000146646 
0.94768 0.000146646 0.000146646 0.000146646 0.000146646 
0.94768 0.000146646 0.000146646 0.000146646 0.000146646 
0.94768 0.000146646 0.000146646 0.000146646 0.000146646 
0.94768 0.000146646 0.000146646 0.000146646 0.000146646 
0.94768 0.000146646 0.000146646 0.000146646 0.000146646 
0.94768 0.000146646 0.000146646 0.000146646 0.000146646 
0.94768 0.000146646 0.000146646 0.000146646 0.000146646 
0.94768 0.000146646 0.000146646 0.000146646 0.000146646 
0.94768 0.000146646 0.000146646 0.000146646 0.000146646 
0.94768 0.000146646 0.000146646 0.000146646 0.000146646 
0.94768 0.000146646 0.000146646 0.000146646 0.000146646 
0.94768 0.000146646 0.000146646 0.000146646 0.000146646 
0.94768 0.000146646 0.000146646 0.000146646 0.000146646 
0.94768 0.000146646 0.000146646 0.000146646 0.000146646 
0.94768 0.000146646 0.000146646 0.000146646 0.000146646 
0.94768 0.000146646 0.000146646 0.000146646 0.000146646 
0.94768 0.000146646 0.000146646 0.000146646 0.000146646 
0.94768 0.000146646 0.000146646 0.000146646 0.000146646 
0.94768 0.000146646 0.000146646 0.000146646 0.000146646 
0.94768 0.000146646 0.000146646 0.000146646 0.000146646 
0.94768 0.000146646 0.000146646 0.000146646 0.000146646 
0.94768 0.000146646 0.000146646 0.000146646 0.000146646 
0.94768 0.000146646 0.000146646 0.000146646 0.000146646 
0.94768 0.000146646 0.000146646 0.000146646 0.000146646 
0.94768 0.000146646 0.000146646 0.000146646 0.000146646 
0.94768 0.000146646 0.000146646 0.000146646 0.000146646 
0.94768 0.000146646 0.000146646 0.000146646 0.000146646 
0.94768 0.000146646 0.000146646 0.000146646 0.000146646 
0.94768 0.000146646 0.000146646 0.000146646 0.000146646 
0.94768 0.000146646 0.000146646 0.000146646 0.000146646 
0.94768 0.000146646 0.000146646 0.000146646 0.000146646 
0.94768 0.000146646 0.000146646 0.000146646 0.000146646 
0.94768 0.000146646 0.000146646 0.000146646 0.000146646 
0.94768 0.000146646 0.000146646 0.000146646 0.000146646 
0.94768 0.000146646 0.000146646 0.000146646 0.000146646 
0.94768 0.000146646 0.000146646 0.000146646 0.000146646 
0.94768 0.000146646 0.000146646 0.000146646 0.000146646 
0.94768 0.000146646 0.000146646 0.000146646 0.000146646 
0.94768 0.000146646 0.000146646 0.000146646 0.000146646 
0.94768 0.000146646 0.000146646 0.000146646 0.000146646 
0.94768 0.000146646 0.000146646 0.000146646 0.000146646 
0.94768 0.000146646 0.000146646 0.000146646 0.000146646 
0.94768 0.000146646 0.000146646 0.000146646 0.000146646 
0.94768 0.000146646 0.000146646 0.000146646 0.000146646 
0.94768 0.000146646 0.000146646 0.000146646 0.000146646 
0.94768 0.000146646 0.000146646 0.000146646 0.000146646 
0.94768 0.000146646 0.000146646 0.000146646 0.000146646 
0.94768 0.000146646 0.000146646 0.000146646 0.000146646 
0.94768 0.000146646 0.000146646 0.000146646 0.000146646 
0.946784 0.000146826 0.000146889 0.000146826 0.000146777 
0.94768 0.000146646 0.000146646 0.000146646 0.000146646 
0.94768 0.000146646 0.000146646 0.000146646 0.000146646 
0.94768 0.000146646 0.000146646 0.000146646 0.000146646 
0.94768 0.000146646 0.000146646 0.000146646 0.000146646 
0.94768 0.000146646 0.000146646 0.000146646 0.000146646 
0.94768 0.000146646 0.000146646 0.000146646 0.000146646 
0.94768 0.000146646 0.000146646 0.000146646 0.000146646 
0.94768 0.000146646 0.000146646 0.000146646 0.000146646 
0.94768 0.000146646 0.000146646 0.000146646 0.000146646 
0.94768 0.000146646 0.000146646 0.000146646 0.000146646 
0.94768 0.000146646 0.000146646 0.000146646 0.000146646 
0.94768 0.000146646 0.000146646 0.000146646 0.000146646 
0.94768 0.000146646 0.000146646 0.000146646 0.000146646 
0.94768 0.000146646 0.000146646 0.000146646 0.000146646 
0.94768 0.000146646 0.000146646 0.000146646 0.000146646 
0.94768 0.000146646 0.000146646 0.000146646 0.000146646 
0.94768 0.000146646 0.000146646 0.000146646 0.000146646 
0.94768 0.000146646 0.000146646 0.000146646 0.000146646 
0.94768 0.000146646 0.000146646 0.000146646 0.000146646 
0.94768 0.000146646 0.000146646 0.000146646 0.000146646 
0.94768 0.000146646 0.000146646 0.000146646 0.000146646 
0.94768 0.000146646 0.000146646 0.000146646 0.000146646 
0.94768 0.000146646 0.000146646 0.000146646 0.000146646 
0.94768 0.000146646 0.000146646 0.000146646 0.000146646 
0.94768 0.000146646 0.000146646 0.000146646 0.000146646 
0.94768 0.000146646 0.000146646 0.000146646 0.000146646 
0.94768 0.000146646 0.000146646 0.000146646 0.000146646 
0.94768 0.000146646 0.000146646 0.000146646 0.000146646 
0.94768 0.000146646 0.000146646 0.000146646 0.000146646 
0.94768 0.000146646 0.000146646 0.000146646 0.000146646 
0.94768 0.000146646 0.000146646 0.000146646 0.000146646 
0.94768 0.000146646 0.000146646 0.000146646 0.000146646 
0.94768 0.000146646 0.000146646 0.000146646 0.000146646 
0.94768 0.000146646 0.000146646 0.000146646 0.000146646 
0.94768 0.000146646 0.000146646 0.000146646 0.000146646 
0.94768 0.000146646 0.000146646 0.000146646 0.000146646 
0.94768 0.000146646 0.000146646 0.000146646 0.000146646 
0.94768 0.000146646 0.000146646 0.000146646 0.000146646 
0.94768 0.000146646 0.000146646 0.000146646 0.000146646 
0.94768 0.000146646 0.000146646 0.000146646 0.000146646 
0.94768 0.000146646 0.000146646 0.000146646 0.000146646 
0.94768 0.000146646 0.000146646 0.000146646 0.000146646 
0.94768 0.000146646 0.000146646 0.000146646 0.000146646 
0.94768 0.000146646 0.000146646 0.000146646 0.000146646 
0.94768 0.000146646 0.000146646 0.000146646 0.000146646 
0.94768 0.000146646 0.000146646 0.000146646 0.000146646 
0.94768 0.000146646 0.000146646 0.000146646 0.000146646 
0.94768 0.000146646 0.000146646 0.000146646 0.000146646 
0.94768 0.000146646 0.000146646 0.000146646 0.000146646 
0.94768 0.000146646 0.000146646 0.000146646 0.000146646 
0.94768 0.000146646 0.000146646 0.000146646 0.000146646 
0.94768 0.000146646 0.000146646 0.000146646 0.000146646 
0.94768 0.000146646 0.000146646 0.000146646 0.000146646 
0.947468 0.000146646 0.000146646 0.000146646 0.000146646 
0.94768 0.000146646 0.000146646 0.000146646 0.000146646 
0.94768 0.000146646 0.000146646 0.000146646 0.000146646 
0.94768 0.000146646 0.000146646 0.000146646 0.000146646 
0.94768 0.000146646 0.000146646 0.000146646 0.000146646 
0.94768 0.000146646 0.000146646 0.000146646 0.000146646 
0.94768 0.000146646 0.000146646 0.000146646 0.000146646 
0.94768 0.000146646 0.000146646 0.000146646 0.000146646 
0.94768 0.000146646 0.000146646 0.000146646 0.000146646 
0.94768 0.000146646 0.000146646 0.000146646 0.000146646 
0.94768 0.000146646 0.000146646 0.000146646 0.000146646 
0.94768 0.000146646 0.000146646 0.000146646 0.000146646 
0.94768 0.000146646 0.000146646 0.000146646 0.000146646 
0.94768 0.000146646 0.000146646 0.000146646 0.000146646 
0.94768 0.000146646 0.000146646 0.000146646 0.000146646 
0.94768 0.000146646 0.000146646 0.000146646 0.000146646 
0.94768 0.000146646 0.000146646 0.000146646 0.000146646 
0.94768 0.000146646 0.000146646 0.000146646 0.000146646 
0.94768 0.000146646 0.000146646 0.000146646 0.000146646 
0.94768 0.000146646 0.000146646 0.000146646 0.000146646 
0.94768 0.000146646 0.000146646 0.000146646 0.000146646 
0.94768 0.000146646 0.000146646 0.000146646 0.000146646 
0.94768 0.000146646 0.000146646 0.000146646 0.000146646 
0.94768 0.000146646 0.000146646 0.000146646 0.000146646 
0.94768 0.000146646 0.000146646 0.000146646 0.000146646 
0.947619 0.000146646 0.000146646 0.000146646 0.000146646 
0.94496 0.000146646 0.000146646 0.000146646 0.000146646 
0.94768 0.000146646 0.000146646 0.000146646 0.000146646 
0.94768 0.000146646 0.000146646 0.000146646 0.000146646 
0.94768 0.000146646 0.000146646 0.000146646 0.000146646 
0.94768 0.000146646 0.000146646 0.000146646 0.000146646 
0.94768 0.000146646 0.000146646 0.000146646 0.000146646 
0.947679 0.000146646 0.000146646 0.000146646 0.000146646 
0.94768 0.000146646 0.000146646 0.000146646 0.000146646 
0.94768 0.000146646 0.000146646 0.000146646 0.000146646 
0.94768 0.000146646 0.000146646 0.000146646 0.000146646 
0.94768 0.000146646 0.000146646 0.000146646 0.000146646 
0.94768 0.000146646 0.000146646 0.000146646 0.000146646 
0.94768 0.000146646 0.000146646 0.000146646 0.000146646 
0.94768 0.000146646 0.000146646 0.000146646 0.000146646 
0.94768 0.000146646 0.000146646 0.000146646 0.000146646 
0.94768 0.000146646 0.000146646 0.000146646 0.000146646 
0.94768 0.000146646 0.000146646 0.000146646 0.000146646 
0.94768 0.000146646 0.000146646 0.000146646 0.000146646 
0.94768 0.000146646 0.000146646 0.000146646 0.000146646 
0.94768 0.000146646 0.000146646 0.000146646 0.000146646 
0.94768 0.000146646 0.000146646 0.000146646 0.000146646 
0.94768 0.000146646 0.000146646 0.000146646 0.000146646 
0.94768 0.000146646 0.000146646 0.000146646 0.000146646 
0.94768 0.000146646 0.000146646 0.000146646 0.000146646 
0.94768 0.000146646 0.000146646 0.000146646 0.000146646 
0.94768 0.000146646 0.000146646 0.000146646 0.000146646 
0.94768 0.000146646 0.000146646 0.000146646 0.000146646 
0.94768 0.000146646 0.000146646 0.000146646 0.000146646 
0.94768 0.000146646 0.000146646 0.000146646 0.000146646 
0.94768 0.000146646 0.000146646 0.000146646 0.000146646 
0.94768 0.000146646 0.000146646 0.000146646 0.000146646 
0.94768 0.000146646 0.000146646 0.000146646 0.000146646 
0.94768 0.000146646 0.000146646 0.000146646 0.000146646 
0.94768 0.000146646 0.000146646 0.000146646 0.000146646 
0.94768 0.000146646 0.000146646 0.000146646 0.000146646 
0.94768 0.000146646 0.000146646 0.000146646 0.000146646 
0.94768 0.000146646 0.000146646 0.000146646 0.000146646 
0.94768 0.000146646 0.000146646 0.000146646 0.000146646 
0.94768 0.000146646 0.000146646 0.000146646 0.000146646 
0.94768 0.000146646 0.000146646 0.000146646 0.000146646 
0.94768 0.000146646 0.000146646 0.000146646 0.000146646 
0.94768 0.000146646 0.000146646 0.000146646 0.000146646 
0.94768 0.000146646 0.000146646 0.000146646 0.000146646 
0.94768 0.000146646 0.000146646 0.000146646 0.000146646 
0.94768 0.000146646 0.000146646 0.000146646 0.000146646 
0.94768 0.000146646 0.000146646 0.000146646 0.000146646 
0.94768 0.000146646 0.000146646 0.000146646 0.000146646 
0.94768 0.000146646 0.000146646 0.000146646 0.000146646 
0.94768 0.000146646 0.000146646 0.000146646 0.000146646 
0.94768 0.000146646 0.000146646 0.000146646 0.000146646 
0.94768 0.000146646 0.000146646 0.000146646 0.000146646 
0.94768 0.000146646 0.000146646 0.000146646 0.000146646 
0.94768 0.000146646 0.000146646 0.000146646 0.000146646 
0.94768 0.000146646 0.000146646 0.000146646 0.000146646 
0.94768 0.000146646 0.000146646 0.000146646 0.000146646 
0.94768 0.000146646 0.000146646 0.000146646 0.000146646 
0.947679 0.000146646 0.000146646 0.000146646 0.000146646 
0.94768 0.000146646 0.000146646 0.000146646 0.000146646 
0.94768 0.000146646 0.000146646 0.000146646 0.000146646 
0.94768 0.000146646 0.000146646 0.000146646 0.000146646 
0.94768 0.000146646 0.000146646 0.000146646 0.000146646 
0.94768 0.000146646 0.000146646 0.000146646 0.000146646 
0.94768 0.000146646 0.000146646 0.000146646 0.000146646 
0.94768 0.000146646 0.000146646 0.000146646 0.000146646 
0.94768 0.000146646 0.000146646 0.000146646 0.000146646 
0.94768 0.000146646 0.000146646 0.000146646 0.000146646 
0.94768 0.000146646 0.000146646 0.000146646 0.000146646 
0.94768 0.000146646 0.000146646 0.000146646 0.000146646 
0.94768 0.000146646 0.000146646 0.000146646 0.000146646 
0.94768 0.000146646 0.000146646 0.000146646 0.000146646 
0.94768 0.000146646 0.000146646 0.000146646 0.000146646 
0.94768 0.000146646 0.000146646 0.000146646 0.000146646 
0.94768 0.000146646 0.000146646 0.000146646 0.000146646 
0.94768 0.000146646 0.000146646 0.000146646 0.000146646 
0.94768 0.000146646 0.000146646 0.000146646 0.000146646 
0.94768 0.000146646 0.000146646 0.000146646 0.000146646 
0.94768 0.000146646 0.000146646 0.000146646 0.000146646 
0.94768 0.000146646 0.000146646 0.000146646 0.000146646 
0.94768 0.000146646 0.000146646 0.000146646 0.000146646 
0.94768 0.000146646 0.000146646 0.000146646 0.000146646 
0.94768 0.000146646 0.000146646 0.000146646 0.000146646 
0.94768 0.000146646 0.000146646 0.000146646 0.000146646 
0.94768 0.000146646 0.000146646 0.000146646 0.000146646 
0.94768 0.000146646 0.000146646 0.000146646 0.000146646 
0.94768 0.000146646 0.000146646 0.000146646 0.000146646 
0.94768 0.000146646 0.000146646 0.000146646 0.000146646 
0.94768 0.000146646 0.000146646 0.000146646 0.000146646 
0.94768 0.000146646 0.000146646 0.000146646 0.000146646 
0.94768 0.000146646 0.000146646 0.000146646 0.000146646 
0.94768 0.000146646 0.000146646 0.000146646 0.000146646 
0.94768 0.000146646 0.000146646 0.000146646 0.000146646 
0.94768 0.000146646 0.000146646 0.000146646 0.000146646 
0.94768 0.000146646 0.000146646 0.000146646 0.000146646 
0.94768 0.000146646 0.000146646 0.000146646 0.000146646 
0.94768 0.000146646 0.000146646 0.000146646 0.000146646 
0.94768 0.000146646 0.000146646 0.000146646 0.000146646 
0.94768 0.000146646 0.000146646 0.000146646 0.000146646 
0.94768 0.000146646 0.000146646 0.000146646 0.000146646 
0.94768 0.000146646 0.000146646 0.000146646 0.000146646 
0.846041 0.000337933 0.00115984 0.00503449 0.00115984 
0.94768 0.000146646 0.000146646 0.000146646 0.000146646 
0.94768 0.000146646 0.000146646 0.000146646 0.000146646 
0.94768 0.000146646 0.000146646 0.000146646 0.000146646 
0.94768 0.000146646 0.000146646 0.000146646 0.000146646 
0.94768 0.000146646 0.000146646 0.000146646 0.000146646 
0.94768 0.000146646 0.000146646 0.000146646 0.000146646 
0.94768 0.000146646 0.000146646 0.000146646 0.000146646 
0.94768 0.000146646 0.000146646 0.000146646 0.000146646 
0.94768 0.000146646 0.000146646 0.000146646 0.000146646 
0.94768 0.000146646 0.000146646 0.000146646 0.000146646 
0.94768 0.000146646 0.000146646 0.000146646 0.000146646 
0.817839 0.00033352 0.00127058 0.0134692 0.00127058 
0.94768 0.000146646 0.000146646 0.000146646 0.000146646 
0.94768 0.000146646 0.000146646 0.000146646 0.000146646 
0.947679 0.000146646 0.000146646 0.000146646 0.000146646 
0.94768 0.000146646 0.000146646 0.000146646 0.000146646 
0.94768 0.000146646 0.000146646 0.000146646 0.000146646 
0.94768 0.000146646 0.000146646 0.000146646 0.000146646 
0.94768 0.000146646 0.000146646 0.000146646 0.000146646 
0.94768 0.000146646 0.000146646 0.000146646 0.000146646 
0.94768 0.000146646 0.000146646 0.000146646 0.000146646 
0.94768 0.000146646 0.000146646 0.000146646 0.000146646 
0.94768 0.000146646 0.000146646 0.000146646 0.000146646 
0.94768 0.000146646 0.000146646 0.000146646 0.000146646 
0.94768 0.000146646 0.000146646 0.000146646 0.000146646 
0.94768 0.000146646 0.000146646 0.000146646 0.000146646 
0.94768 0.000146646 0.000146646 0.000146646 0.000146646 
0.94768 0.000146646 0.000146646 0.000146646 0.000146646 
0.94768 0.000146646 0.000146646 0.000146646 0.000146646 
0.94768 0.000146646 0.000146646 0.000146646 0.000146646 
0.94768 0.000146646 0.000146646 0.000146646 0.000146646 
0.94768 0.000146646 0.000146646 0.000146646 0.000146646 
0.94768 0.000146646 0.000146646 0.000146646 0.000146646 
0.94768 0.000146646 0.000146646 0.000146646 0.000146646 
0.94768 0.000146646 0.000146646 0.000146646 0.000146646 
0.94768 0.000146646 0.000146646 0.000146646 0.000146646 
0.94768 0.000146646 0.000146646 0.000146646 0.000146646 
0.94768 0.000146646 0.000146646 0.000146646 0.000146646 
0.94768 0.000146646 0.000146646 0.000146646 0.000146646 
0.94768 0.000146646 0.000146646 0.000146646 0.000146646 
0.94768 0.000146646 0.000146646 0.000146646 0.000146646 
0.94768 0.000146646 0.000146646 0.000146646 0.000146646 
0.94768 0.000146646 0.000146646 0.000146646 0.000146646 
0.94768 0.000146646 0.000146646 0.000146646 0.000146646 
0.94768 0.000146646 0.000146646 0.000146646 0.000146646 
0.94768 0.000146646 0.000146646 0.000146646 0.000146646 
0.94768 0.000146646 0.000146646 0.000146646 0.000146646 
0.94768 0.000146646 0.000146646 0.000146646 0.000146646 
0.94768 0.000146646 0.000146646 0.000146646 0.000146646 
0.94768 0.000146646 0.000146646 0.000146646 0.000146646 
0.94768 0.000146646 0.000146646 0.000146646 0.000146646 
0.912976 0.000146646 0.000146646 0.000146646 0.000146646 
0.94768 0.000146646 0.000146646 0.000146646 0.000146646 
0.94768 0.000146646 0.000146646 0.000146646 0.000146646 
0.94768 0.000146646 0.000146646 0.000146646 0.000146646 
0.94768 0.000146646 0.000146646 0.000146646 0.000146646 
0.94768 0.000146646 0.000146646 0.000146646 0.000146646 
0.94768 0.000146646 0.000146646 0.000146646 0.000146646 
0.947679 0.000146646 0.000146646 0.000146646 0.000146646 
0.94768 0.000146646 0.000146646 0.000146646 0.000146646 
0.94768 0.000146646 0.000146646 0.000146646 0.000146646 
0.94768 0.000146646 0.000146646 0.000146646 0.000146646 
0.94768 0.000146646 0.000146646 0.000146646 0.000146646 
0.94768 0.000146646 0.000146646 0.000146646 0.000146646 
0.94768 0.000146646 0.000146646 0.000146646 0.000146646 
0.94768 0.000146646 0.000146646 0.000146646 0.000146646 
0.94768 0.000146646 0.000146646 0.000146646 0.000146646 
0.94768 0.000146646 0.000146646 0.000146646 0.000146646 
0.94768 0.000146646 0.000146646 0.000146646 0.000146646 
0.94768 0.000146646 0.000146646 0.000146646 0.000146646 
0.94768 0.000146646 0.000146646 0.000146646 0.000146646 
0.94768 0.000146646 0.000146646 0.000146646 0.000146646 
0.94768 0.000146646 0.000146646 0.000146646 0.000146646 
0.945885 0.000146646 0.000146646 0.000146646 0.000146646 
0.94768 0.000146646 0.000146646 0.000146646 0.000146646 
0.94768 0.000146646 0.000146646 0.000146646 0.000146646 
0.94768 0.000146646 0.000146646 0.000146646 0.000146646 
0.94768 0.000146646 0.000146646 0.000146646 0.000146646 
0.94768 0.000146646 0.000146646 0.000146646 0.000146646 
0.94768 0.000146646 0.000146646 0.000146646 0.000146646 
0.94768 0.000146646 0.000146646 0.000146646 0.000146646 
0.947261 0.000146646 0.000146646 0.000146646 0.000146646 
0.94768 0.000146646 0.000146646 0.000146646 0.000146646 
0.94768 0.000146646 0.000146646 0.000146646 0.000146646 
0.94768 0.000146646 0.000146646 0.000146646 0.000146646 
0.94768 0.000146646 0.000146646 0.000146646 0.000146646 
0.94768 0.000146646 0.000146646 0.000146646 0.000146646 
0.94768 0.000146646 0.000146646 0.000146646 0.000146646 
0.94768 0.000146646 0.000146646 0.000146646 0.000146646 
0.94768 0.000146646 0.000146646 0.000146646 0.000146646 
0.94768 0.000146646 0.000146646 0.000146646 0.000146646 
0.94768 0.000146646 0.000146646 0.000146646 0.000146646 
0.94768 0.000146646 0.000146646 0.000146646 0.000146646 
0.94768 0.000146646 0.000146646 0.000146646 0.000146646 
0.94768 0.000146646 0.000146646 0.000146646 0.000146646 
0.94768 0.000146646 0.000146646 0.000146646 0.000146646 
0.94768 0.000146646 0.000146646 0.000146646 0.000146646 
0.94768 0.000146646 0.000146646 0.000146646 0.000146646 
0.94768 0.000146646 0.000146646 0.000146646 0.000146646 
0.94768 0.000146646 0.000146646 0.000146646 0.000146646 
0.94768 0.000146646 0.000146646 0.000146646 0.000146646 
0.94768 0.000146646 0.000146646 0.000146646 0.000146646 
0.94768 0.000146646 0.000146646 0.000146646 0.000146646 
0.94768 0.000146646 0.000146646 0.000146646 0.000146646 
0.94768 0.000146646 0.000146646 0.000146646 0.000146646 
0.94768 0.000146646 0.000146646 0.000146646 0.000146646 
0.94768 0.000146646 0.000146646 0.000146646 0.000146646 
0.94768 0.000146646 0.000146646 0.000146646 0.000146646 
0.94768 0.000146646 0.000146646 0.000146646 0.000146646 
0.94768 0.000146646 0.000146646 0.000146646 0.000146646 
0.94768 0.000146646 0.000146646 0.000146646 0.000146646 
0.94768 0.000146646 0.000146646 0.000146646 0.000146646 
0.94768 0.000146646 0.000146646 0.000146646 0.000146646 
0.94768 0.000146646 0.000146646 0.000146646 0.000146646 
0.94768 0.000146646 0.000146646 0.000146646 0.000146646 
0.94768 0.000146646 0.000146646 0.000146646 0.000146646 
0.94768 0.000146646 0.000146646 0.000146646 0.000146646 
0.94768 0.000146646 0.000146646 0.000146646 0.000146646 
0.94768 0.000146646 0.000146646 0.000146646 0.000146646 
0.94768 0.000146646 0.000146646 0.000146646 0.000146646 
0.94768 0.000146646 0.000146646 0.000146646 0.000146646 
0.94768 0.000146646 0.000146646 0.000146646 0.000146646 
0.94768 0.000146646 0.000146646 0.000146646 0.000146646 
0.947676 0.000146646 0.000146646 0.000146646 0.000146646 
0.94768 0.000146646 0.000146646 0.000146646 0.000146646 
0.94768 0.000146646 0.000146646 0.000146646 0.000146646 
0.94768 0.000146646 0.000146646 0.000146646 0.000146646 
0.94768 0.000146646 0.000146646 0.000146646 0.000146646 
0.94768 0.000146646 0.000146646 0.000146646 0.000146646 
0.94768 0.000146646 0.000146646 0.000146646 0.000146646 
0.94768 0.000146646 0.000146646 0.000146646 0.000146646 
0.94768 0.000146646 0.000146646 0.000146646 0.000146646 
0.94768 0.000146646 0.000146646 0.000146646 0.000146646 
0.94768 0.000146646 0.000146646 0.000146646 0.000146646 
0.94768 0.000146646 0.000146646 0.000146646 0.000146646 
0.94768 0.000146646 0.000146646 0.000146646 0.000146646 
0.94768 0.000146646 0.000146646 0.000146646 0.000146646 
0.94768 0.000146646 0.000146646 0.000146646 0.000146646 
0.94768 0.000146646 0.000146646 0.000146646 0.000146646 
0.94768 0.000146646 0.000146646 0.000146646 0.000146646 
0.94768 0.000146646 0.000146646 0.000146646 0.000146646 
0.94768 0.000146646 0.000146646 0.000146646 0.000146646 
0.947655 0.000146646 0.000146646 0.000146646 0.000146646 
0.94768 0.000146646 0.000146646 0.000146646 0.000146646 
0.94768 0.000146646 0.000146646 0.000146646 0.000146646 
0.94768 0.000146646 0.000146646 0.000146646 0.000146646 
0.94768 0.000146646 0.000146646 0.000146646 0.000146646 
0.94768 0.000146646 0.000146646 0.000146646 0.000146646 
0.94768 0.000146646 0.000146646 0.000146646 0.000146646 
0.94768 0.000146646 0.000146646 0.000146646 0.000146646 
0.94768 0.000146646 0.000146646 0.000146646 0.000146646 
0.94768 0.000146646 0.000146646 0.000146646 0.000146646 
0.94768 0.000146646 0.000146646 0.000146646 0.000146646 
0.94768 0.000146646 0.000146646 0.000146646 0.000146646 
0.94768 0.000146646 0.000146646 0.000146646 0.000146646 
0.94768 0.000146646 0.000146646 0.000146646 0.000146646 
0.94768 0.000146646 0.000146646 0.000146646 0.000146646 
0.94768 0.000146646 0.000146646 0.000146646 0.000146646 
0.94768 0.000146646 0.000146646 0.000146646 0.000146646 
0.94768 0.000146646 0.000146646 0.000146646 0.000146646 
0.94768 0.000146646 0.000146646 0.000146646 0.000146646 
0.94768 0.000146646 0.000146646 0.000146646 0.000146646 
0.94768 0.000146646 0.000146646 0.000146646 0.000146646 
0.94768 0.000146646 0.000146646 0.000146646 0.000146646 
0.94768 0.000146646 0.000146646 0.000146646 0.000146646 
0.94768 0.000146646 0.000146646 0.000146646 0.000146646 
0.94768 0.000146646 0.000146646 0.000146646 0.000146646 
0.947679 0.000146646 0.000146646 0.000146646 0.000146646 
0.94768 0.000146646 0.000146646 0.000146646 0.000146646 
0.94768 0.000146646 0.000146646 0.000146646 0.000146646 
0.94768 0.000146646 0.000146646 0.000146646 0.000146646 
0.94768 0.000146646 0.000146646 0.000146646 0.000146646 
0.94768 0.000146646 0.000146646 0.000146646 0.000146646 
0.94768 0.000146646 0.000146646 0.000146646 0.000146646 
0.94768 0.000146646 0.000146646 0.000146646 0.000146646 
0.94768 0.000146646 0.000146646 0.000146646 0.000146646 
0.94768 0.000146646 0.000146646 0.000146646 0.000146646 
0.94768 0.000146646 0.000146646 0.000146646 0.000146646 
0.94768 0.000146646 0.000146646 0.000146646 0.000146646 
0.94768 0.000146646 0.000146646 0.000146646 0.000146646 
0.94768 0.000146646 0.000146646 0.000146646 0.000146646 
0.94768 0.000146646 0.000146646 0.000146646 0.000146646 
0.94768 0.000146646 0.000146646 0.000146646 0.000146646 
0.94768 0.000146646 0.000146646 0.000146646 0.000146646 
0.94768 0.000146646 0.000146646 0.000146646 0.000146646 
0.94768 0.000146646 0.000146646 0.000146646 0.000146646 
0.94768 0.000146646 0.000146646 0.000146646 0.000146646 
0.94768 0.000146646 0.000146646 0.000146646 0.000146646 
0.94768 0.000146646 0.000146646 0.000146646 0.000146646 
0.94768 0.000146646 0.000146646 0.000146646 0.000146646 
0.94768 0.000146646 0.000146646 0.000146646 0.000146646 
0.94768 0.000146646 0.000146646 0.000146646 0.000146646 
0.947649 0.000146646 0.000146646 0.000146646 0.000146646 
0.93862 0.000257928 0.00126104 0.0154157 0.00126104 
0.94768 0.000146646 0.000146646 0.000146646 0.000146646 
0.94768 0.000146646 0.000146646 0.000146646 0.000146646 
0.94768 0.000146646 0.000146646 0.000146646 0.000146646 
0.94768 0.000146646 0.000146646 0.000146646 0.000146646 
0.94768 0.000146646 0.000146646 0.000146646 0.000146646 
0.94768 0.000146646 0.000146646 0.000146646 0.000146646 
0.94768 0.000146646 0.000146646 0.000146646 0.000146646 
0.94768 0.000146646 0.000146646 0.000146646 0.000146646 
0.94768 0.000146646 0.000146646 0.000146646 0.000146646 
0.94768 0.000146646 0.000146646 0.000146646 0.000146646 
0.94768 0.000146646 0.000146646 0.000146646 0.000146646 
0.947679 0.000146646 0.000146646 0.000146646 0.000146646 
0.94768 0.000146646 0.000146646 0.000146646 0.000146646 
0.94768 0.000146646 0.000146646 0.000146646 0.000146646 
0.94768 0.000146646 0.000146646 0.000146646 0.000146646 
0.94768 0.000146646 0.000146646 0.000146646 0.000146646 
0.94768 0.000146646 0.000146646 0.000146646 0.000146646 
0.94768 0.000146646 0.000146646 0.000146646 0.000146646 
0.94768 0.000146646 0.000146646 0.000146646 0.000146646 
0.94768 0.000146646 0.000146646 0.000146646 0.000146646 
0.94768 0.000146646 0.000146646 0.000146646 0.000146646 
0.94768 0.000146646 0.000146646 0.000146646 0.000146646 
0.94768 0.000146646 0.000146646 0.000146646 0.000146646 
0.94768 0.000146646 0.000146646 0.000146646 0.000146646 
0.94768 0.000146646 0.000146646 0.000146646 0.000146646 
0.94768 0.000146646 0.000146646 0.000146646 0.000146646 
0.94768 0.000146646 0.000146646 0.000146646 0.000146646 
0.94768 0.000146646 0.000146646 0.000146646 0.000146646 
0.94768 0.000146646 0.000146646 0.000146646 0.000146646 
0.94768 0.000146646 0.000146646 0.000146646 0.000146646 
0.94768 0.000146646 0.000146646 0.000146646 0.000146646 
0.94768 0.000146646 0.000146646 0.000146646 0.000146646 
0.94768 0.000146646 0.000146646 0.000146646 0.000146646 
0.94768 0.000146646 0.000146646 0.000146646 0.000146646 
0.94768 0.000146646 0.000146646 0.000146646 0.000146646 
0.947673 0.000146646 0.000146646 0.000146646 0.000146646 
0.94768 0.000146646 0.000146646 0.000146646 0.000146646 
0.94768 0.000146646 0.000146646 0.000146646 0.000146646 
0.94768 0.000146646 0.000146646 0.000146646 0.000146646 
0.94768 0.000146646 0.000146646 0.000146646 0.000146646 
0.94768 0.000146646 0.000146646 0.000146646 0.000146646 
0.94768 0.000146646 0.000146646 0.000146646 0.000146646 
0.94768 0.000146646 0.000146646 0.000146646 0.000146646 
0.94768 0.000146646 0.000146646 0.000146646 0.000146646 
0.94768 0.000146646 0.000146646 0.000146646 0.000146646 
0.94768 0.000146646 0.000146646 0.000146646 0.000146646 
0.94768 0.000146646 0.000146646 0.000146646 0.000146646 
0.94768 0.000146646 0.000146646 0.000146646 0.000146646 
0.94768 0.000146646 0.000146646 0.000146646 0.000146646 
0.94768 0.000146646 0.000146646 0.000146646 0.000146646 
0.94768 0.000146646 0.000146646 0.000146646 0.000146646 
0.94768 0.000146646 0.000146646 0.000146646 0.000146646 
0.94768 0.000146646 0.000146646 0.000146646 0.000146646 
0.94768 0.000146646 0.000146646 0.000146646 0.000146646 
0.94768 0.000146646 0.000146646 0.000146646 0.000146646 
0.94768 0.000146646 0.000146646 0.000146646 0.000146646 
0.94768 0.000146646 0.000146646 0.000146646 0.000146646 
0.94768 0.000146646 0.000146646 0.000146646 0.000146646 
0.94768 0.000146646 0.000146646 0.000146646 0.000146646 
0.94768 0.000146646 0.000146646 0.000146646 0.000146646 
0.94768 0.000146646 0.000146646 0.000146646 0.000146646 
0.94768 0.000146646 0.000146646 0.000146646 0.000146646 
0.94768 0.000146646 0.000146646 0.000146646 0.000146646 
0.94768 0.000146646 0.000146646 0.000146646 0.000146646 
0.94768 0.000146646 0.000146646 0.000146646 0.000146646 
0.94768 0.000146646 0.000146646 0.000146646 0.000146646 
0.94768 0.000146646 0.000146646 0.000146646 0.000146646 
0.94768 0.000146646 0.000146646 0.000146646 0.000146646 
0.94768 0.000146646 0.000146646 0.000146646 0.000146646 
0.94768 0.000146646 0.000146646 0.000146646 0.000146646 
0.94768 0.000146646 0.000146646 0.000146646 0.000146646 
0.94768 0.000146646 0.000146646 0.000146646 0.000146646 
0.94768 0.000146646 0.000146646 0.000146646 0.000146646 
0.94768 0.000146646 0.000146646 0.000146646 0.000146646 
0.94768 0.000146646 0.000146646 0.000146646 0.000146646 
0.94768 0.000146646 0.000146646 0.000146646 0.000146646 
0.94768 0.000146646 0.000146646 0.000146646 0.000146646 
0.94768 0.000146646 0.000146646 0.000146646 0.000146646 
0.94768 0.000146646 0.000146646 0.000146646 0.000146646 
0.94768 0.000146646 0.000146646 0.000146646 0.000146646 
0.94768 0.000146646 0.000146646 0.000146646 0.000146646 
0.947678 0.000146646 0.000146646 0.000146646 0.000146646 
0.94768 0.000146646 0.000146646 0.000146646 0.000146646 
0.94768 0.000146646 0.000146646 0.000146646 0.000146646 
0.94768 0.000146646 0.000146646 0.000146646 0.000146646 
0.94768 0.000146646 0.000146646 0.000146646 0.000146646 
0.94768 0.000146646 0.000146646 0.000146646 0.000146646 
0.94768 0.000146646 0.000146646 0.000146646 0.000146646 
0.94768 0.000146646 0.000146646 0.000146646 0.000146646 
0.94768 0.000146646 0.000146646 0.000146646 0.000146646 
0.94768 0.000146646 0.000146646 0.000146646 0.000146646 
0.94768 0.000146646 0.000146646 0.000146646 0.000146646 
0.94768 0.000146646 0.000146646 0.000146646 0.000146646 
0.94768 0.000146646 0.000146646 0.000146646 0.000146646 
0.94768 0.000146646 0.000146646 0.000146646 0.000146646 
0.94768 0.000146646 0.000146646 0.000146646 0.000146646 
0.94768 0.000146646 0.000146646 0.000146646 0.000146646 
0.94768 0.000146646 0.000146646 0.000146646 0.000146646 
0.94768 0.000146646 0.000146646 0.000146646 0.000146646 
0.94768 0.000146646 0.000146646 0.000146646 0.000146646 
0.94768 0.000146646 0.000146646 0.000146646 0.000146646 
0.94768 0.000146646 0.000146646 0.000146646 0.000146646 
0.94768 0.000146646 0.000146646 0.000146646 0.000146646 
0.94768 0.000146646 0.000146646 0.000146646 0.000146646 
0.94768 0.000146646 0.000146646 0.000146646 0.000146646 
0.94768 0.000146646 0.000146646 0.000146646 0.000146646 
0.94768 0.000146646 0.000146646 0.000146646 0.000146646 
0.94768 0.000146646 0.000146646 0.000146646 0.000146646 
0.94768 0.000146646 0.000146646 0.000146646 0.000146646 
0.94768 0.000146646 0.000146646 0.000146646 0.000146646 
0.94768 0.000146646 0.000146646 0.000146646 0.000146646 
0.94768 0.000146646 0.000146646 0.000146646 0.000146646 
0.94768 0.000146646 0.000146646 0.000146646 0.000146646 
0.94768 0.000146646 0.000146646 0.000146646 0.000146646 
0.94768 0.000146646 0.000146646 0.000146646 0.000146646 
0.94768 0.000146646 0.000146646 0.000146646 0.000146646 
0.94768 0.000146646 0.000146646 0.000146646 0.000146646 
0.94768 0.000146646 0.000146646 0.000146646 0.000146646 
0.94768 0.000146646 0.000146646 0.000146646 0.000146646 
0.94768 0.000146646 0.000146646 0.000146646 0.000146646 
0.94768 0.000146646 0.000146646 0.000146646 0.000146646 
0.94768 0.000146646 0.000146646 0.000146646 0.000146646 
0.94768 0.000146646 0.000146646 0.000146646 0.000146646 
0.94768 0.000146646 0.000146646 0.000146646 0.000146646 
0.94768 0.000146646 0.000146646 0.000146646 0.000146646 
0.94768 0.000146646 0.000146646 0.000146646 0.000146646 
0.94768 0.000146646 0.000146646 0.000146646 0.000146646 
0.94768 0.000146646 0.000146646 0.000146646 0.000146646 
0.94768 0.000146646 0.000146646 0.000146646 0.000146646 
0.94768 0.000146646 0.000146646 0.000146646 0.000146646 
0.94768 0.000146646 0.000146646 0.000146646 0.000146646 
0.94768 0.000146646 0.000146646 0.000146646 0.000146646 
0.94768 0.000146646 0.000146646 0.000146646 0.000146646 
0.94768 0.000146646 0.000146646 0.000146646 0.000146646 
0.94768 0.000146646 0.000146646 0.000146646 0.000146646 
0.94768 0.000146646 0.000146646 0.000146646 0.000146646 
0.94768 0.000146646 0.000146646 0.000146646 0.000146646 
0.94768 0.000146646 0.000146646 0.000146646 0.000146646 
0.94768 0.000146646 0.000146646 0.000146646 0.000146646 
0.94768 0.000146646 0.000146646 0.000146646 0.000146646 
0.94768 0.000146646 0.000146646 0.000146646 0.000146646 
0.94768 0.000146646 0.000146646 0.000146646 0.000146646 
0.94768 0.000146646 0.000146646 0.000146646 0.000146646 
0.94768 0.000146646 0.000146646 0.000146646 0.000146646 
0.94768 0.000146646 0.000146646 0.000146646 0.000146646 
0.94768 0.000146646 0.000146646 0.000146646 0.000146646 
0.94768 0.000146646 0.000146646 0.000146646 0.000146646 
0.94768 0.000146646 0.000146646 0.000146646 0.000146646 
0.94768 0.000146646 0.000146646 0.000146646 0.000146646 
0.94768 0.000146646 0.000146646 0.000146646 0.000146646 
0.94768 0.000146646 0.000146646 0.000146646 0.000146646 
0.94768 0.000146646 0.000146646 0.000146646 0.000146646 
0.94768 0.000146646 0.000146646 0.000146646 0.000146646 
0.94768 0.000146646 0.000146646 0.000146646 0.000146646 
0.94768 0.000146646 0.000146646 0.000146646 0.000146646 
0.94768 0.000146646 0.000146646 0.000146646 0.000146646 
0.94768 0.000146646 0.000146646 0.000146646 0.000146646 
0.94768 0.000146646 0.000146646 0.000146646 0.000146646 
0.94768 0.000146646 0.000146646 0.000146646 0.000146646 
0.94768 0.000146646 0.000146646 0.000146646 0.000146646 
0.94768 0.000146646 0.000146646 0.000146646 0.000146646 
0.94768 0.000146646 0.000146646 0.000146646 0.000146646 
0.94768 0.000146646 0.000146646 0.000146646 0.000146646 
0.94768 0.000146646 0.000146646 0.000146646 0.000146646 
0.94768 0.000146646 0.000146646 0.000146646 0.000146646 
0.94768 0.000146646 0.000146646 0.000146646 0.000146646 
0.94768 0.000146646 0.000146646 0.000146646 0.000146646 
0.94768 0.000146646 0.000146646 0.000146646 0.000146646 
0.94768 0.000146646 0.000146646 0.000146646 0.000146646 
0.94768 0.000146646 0.000146646 0.000146646 0.000146646 
0.898949 0.0289663 0.00247805 0.000466195 0.00247805 
0.94768 0.000146646 0.000146646 0.000146646 0.000146646 
0.94768 0.000146646 0.000146646 0.000146646 0.000146646 
0.94768 0.000146646 0.000146646 0.000146646 0.000146646 
0.94768 0.000146646 0.000146646 0.000146646 0.000146646 
0.94768 0.000146646 0.000146646 0.000146646 0.000146646 
0.94768 0.000146646 0.000146646 0.000146646 0.000146646 
0.94768 0.000146646 0.000146646 0.000146646 0.000146646 
0.94768 0.000146646 0.000146646 0.000146646 0.000146646 
0.94768 0.000146646 0.000146646 0.000146646 0.000146646 
0.94768 0.000146646 0.000146646 0.000146646 0.000146646 
0.94768 0.000146646 0.000146646 0.000146646 0.000146646 
0.94768 0.000146646 0.000146646 0.000146646 0.000146646 
0.94768 0.000146646 0.000146646 0.000146646 0.000146646 
0.94768 0.000146646 0.000146646 0.000146646 0.000146646 
0.94768 0.000146646 0.000146646 0.000146646 0.000146646 
0.94768 0.000146646 0.000146646 0.000146646 0.000146646 
0.94768 0.000146646 0.000146646 0.000146646 0.000146646 
0.947674 0.000146646 0.000146646 0.000146646 0.000146646 
0.94768 0.000146646 0.000146646 0.000146646 0.000146646 
0.94768 0.000146646 0.000146646 0.000146646 0.000146646 
0.94768 0.000146646 0.000146646 0.000146646 0.000146646 
0.94768 0.000146646 0.000146646 0.000146646 0.000146646 
0.94768 0.000146646 0.000146646 0.000146646 0.000146646 
0.94768 0.000146646 0.000146646 0.000146646 0.000146646 
0.94768 0.000146646 0.000146646 0.000146646 0.000146646 
0.94768 0.000146646 0.000146646 0.000146646 0.000146646 
0.94768 0.000146646 0.000146646 0.000146646 0.000146646 
0.94768 0.000146646 0.000146646 0.000146646 0.000146646 
0.94768 0.000146646 0.000146646 0.000146646 0.000146646 
0.94768 0.000146646 0.000146646 0.000146646 0.000146646 
0.94768 0.000146646 0.000146646 0.000146646 0.000146646 
0.94768 0.000146646 0.000146646 0.000146646 0.000146646 
0.94768 0.000146646 0.000146646 0.000146646 0.000146646 
0.94768 0.000146646 0.000146646 0.000146646 0.000146646 
0.94768 0.000146646 0.000146646 0.000146646 0.000146646 
0.94768 0.000146646 0.000146646 0.000146646 0.000146646 
0.94768 0.000146646 0.000146646 0.000146646 0.000146646 
0.94768 0.000146646 0.000146646 0.000146646 0.000146646 
0.94768 0.000146646 0.000146646 0.000146646 0.000146646 
0.947648 0.000146646 0.000146646 0.000146646 0.000146646 
0.94768 0.000146646 0.000146646 0.000146646 0.000146646 
0.94768 0.000146646 0.000146646 0.000146646 0.000146646 
0.94768 0.000146646 0.000146646 0.000146646 0.000146646 
0.94768 0.000146646 0.000146646 0.000146646 0.000146646 
0.94768 0.000146646 0.000146646 0.000146646 0.000146646 
0.94768 0.000146646 0.000146646 0.000146646 0.000146646 
0.94768 0.000146646 0.000146646 0.000146646 0.000146646 
0.94768 0.000146646 0.000146646 0.000146646 0.000146646 
0.94768 0.000146646 0.000146646 0.000146646 0.000146646 
0.94768 0.000146646 0.000146646 0.000146646 0.000146646 
0.94768 0.000146646 0.000146646 0.000146646 0.000146646 
0.947606 0.000146646 0.000146646 0.000146646 0.000146646 
0.94768 0.000146646 0.000146646 0.000146646 0.000146646 
0.94768 0.000146646 0.000146646 0.000146646 0.000146646 
0.94768 0.000146646 0.000146646 0.000146646 0.000146646 
0.94768 0.000146646 0.000146646 0.000146646 0.000146646 
0.94768 0.000146646 0.000146646 0.000146646 0.000146646 
0.94768 0.000146646 0.000146646 0.000146646 0.000146646 
